0 0.646840 0.712767 0.054573 0.033668
0 0.616033 0.652363 0.031687 0.021125
0 0.707574 0.618696 0.044010 0.035648
0 0.762587 0.613414 0.050172 0.040929
0 0.757746 0.581727 0.045771 0.029047
0 0.737941 0.571165 0.050172 0.036969
0 0.625275 0.677449 0.029047 0.030367
0 0.656522 0.678109 0.040489 0.025086
0 0.660483 0.652033 0.036088 0.025746
0 0.674126 0.635199 0.042250 0.025086
0 0.696132 0.659295 0.044010 0.038949
0 0.519651 0.732902 0.060734 0.034328
0 0.486203 0.709137 0.030807 0.017164
0 0.505127 0.702865 0.042250 0.025746
0 0.548257 0.707486 0.036969 0.032348
0 0.592708 0.704185 0.020245 0.017824
0 0.567182 0.692633 0.029047 0.031687
0 0.590067 0.681740 0.030807 0.034988
0 0.562340 0.667217 0.024646 0.019144
0 0.548697 0.676129 0.013203 0.019805
0 0.537695 0.682730 0.014083 0.011883
0 0.532414 0.671508 0.029927 0.019805
0 0.493244 0.748086 0.046651 0.029047
0 0.447914 0.743464 0.038729 0.036969
0 0.418867 0.737853 0.033448 0.037629
0 0.385860 0.741484 0.041370 0.023766
0 0.379258 0.723330 0.035208 0.027066
0 0.345810 0.727621 0.031687 0.021125
0 0.335688 0.708476 0.016724 0.017164
0 0.361654 0.706826 0.035208 0.029707
0 0.310602 0.708146 0.047531 0.031027
0 0.327766 0.680090 0.046651 0.023766
0 0.349771 0.663916 0.043130 0.032348
0 0.317644 0.656324 0.045771 0.033008
0 0.286396 0.647412 0.034328 0.042910
0 0.254709 0.648733 0.032568 0.034988
0 0.304881 0.622656 0.030807 0.023766
0 0.332607 0.608463 0.047531 0.041590
0 0.308842 0.581067 0.021125 0.017164
0 0.346250 0.581727 0.020245 0.014523
0 0.267472 0.586678 0.044010 0.036308
0 0.208938 0.583377 0.044890 0.040269
0 0.270553 0.553406 0.048411 0.027066
0 0.321605 0.548455 0.039609 0.027726
0 0.239746 0.523039 0.048411 0.040269
0 0.233144 0.480459 0.042250 0.023766
0 0.221261 0.458674 0.043130 0.042250
0 0.264831 0.457354 0.042250 0.029047
0 0.248548 0.432928 0.046651 0.033008
0 0.285956 0.415764 0.044010 0.036969
0 0.290215 0.439747 0.034923 0.014957
0 0.293878 0.458344 0.033448 0.023105
0 0.287717 0.519078 0.035208 0.032348
0 0.290797 0.488051 0.046651 0.031027
0 0.335248 0.530961 0.024646 0.017824
0 0.324245 0.517758 0.037849 0.027066
0 0.322925 0.497623 0.021125 0.018484
0 0.313683 0.464286 0.029047 0.019144
0 0.333487 0.456364 0.024646 0.015184
0 0.338328 0.469567 0.022005 0.012543
0 0.329086 0.483430 0.026406 0.020465
0 0.344930 0.479469 0.021125 0.015184
0 0.360774 0.474848 0.017604 0.015184
0 0.346690 0.492342 0.022885 0.014523
0 0.366055 0.492672 0.024646 0.019144
0 0.351972 0.510496 0.022885 0.017824
0 0.375297 0.503565 0.022005 0.014523
0 0.383219 0.510496 0.014963 0.007262
0 0.377938 0.523700 0.016724 0.011223
0 0.392901 0.521719 0.020245 0.015184
0 0.406544 0.523700 0.021125 0.012543
0 0.406984 0.533602 0.014963 0.011223
0 0.372656 0.539543 0.027286 0.028387
0 0.396422 0.541524 0.025526 0.024426
0 0.409625 0.557037 0.018484 0.010562
0 0.386740 0.571891 0.030807 0.023105
0 0.385419 0.610180 0.036969 0.033668
0 0.418867 0.615461 0.035208 0.029707
0 0.423268 0.647148 0.045771 0.023105
0 0.430310 0.673224 0.052812 0.030367
0 0.467719 0.662332 0.018484 0.019144
0 0.453195 0.638566 0.015844 0.020465
0 0.467278 0.635926 0.014083 0.016504
0 0.456276 0.607539 0.030807 0.025746
0 0.427229 0.577172 0.018484 0.015184
0 0.447034 0.568590 0.029927 0.024426
0 0.430750 0.548059 0.039609 0.021917
0 0.432510 0.531291 0.023766 0.018484
0 0.450555 0.534922 0.021125 0.023105
0 0.430310 0.514127 0.022885 0.021125
0 0.413146 0.510166 0.022005 0.017164
0 0.395542 0.503565 0.018484 0.021125
0 0.394221 0.488051 0.024646 0.015184
0 0.389820 0.475178 0.024646 0.018484
0 0.481362 0.621468 0.024646 0.022445
0 0.469919 0.586150 0.040489 0.024426
0 0.473440 0.561724 0.022885 0.017824
0 0.502927 0.663388 0.036088 0.027066
0 0.498086 0.643253 0.028167 0.021125
0 0.527132 0.644904 0.026406 0.017824
0 0.501166 0.622458 0.016724 0.023105
0 0.517890 0.626419 0.018484 0.020465
0 0.518770 0.611566 0.029047 0.015844
0 0.509528 0.595722 0.028167 0.023766
0 0.535934 0.609255 0.017604 0.009902
0 0.539895 0.623119 0.030807 0.021785
0 0.578624 0.650515 0.016724 0.022445
0 0.561020 0.650185 0.023766 0.017824
0 0.557499 0.635992 0.032568 0.023766
0 0.566741 0.616517 0.033448 0.021785
0 0.560140 0.598693 0.032568 0.019144
0 0.539455 0.588791 0.031687 0.025746
0 0.518770 0.572287 0.023766 0.020465
0 0.548697 0.572617 0.036088 0.026406
0 0.575103 0.583179 0.018484 0.014523
0 0.539015 0.554463 0.016724 0.012543
0 0.515250 0.549181 0.016724 0.009902
0 0.506447 0.539939 0.034328 0.025746
0 0.498086 0.570966 0.010562 0.009902
0 0.463758 0.545683 0.014083 0.009242
0 0.470799 0.531357 0.022885 0.020465
0 0.484442 0.551822 0.032568 0.027066
0 0.598869 0.635992 0.037849 0.019805
0 0.595788 0.620808 0.033448 0.015844
0 0.692171 0.578492 0.032568 0.029707
0 0.660043 0.546475 0.047531 0.033008
0 0.628796 0.548125 0.022005 0.016504
0 0.634957 0.530961 0.039609 0.028387
0 0.620874 0.500594 0.030807 0.025746
0 0.678087 0.487721 0.055453 0.040929
0 0.700973 0.527330 0.055453 0.036969
0 0.732660 0.512147 0.051932 0.040929
0 0.739702 0.473528 0.048411 0.046871
0 0.777550 0.466926 0.029047 0.028387
0 0.703173 0.429364 0.070416 0.058093
0 0.612588 0.406588 0.048659 0.034988
0 0.612512 0.463361 0.033448 0.029707
0 0.644640 0.437285 0.060734 0.050172
0 0.585226 0.468643 0.024646 0.017824
0 0.577744 0.452139 0.032568 0.020465
0 0.557499 0.438936 0.046651 0.021785
0 0.555299 0.419461 0.042250 0.021125
0 0.566741 0.405928 0.036969 0.024426
0 0.527132 0.409229 0.029927 0.021785
0 0.494565 0.410219 0.012323 0.017164
0 0.522291 0.393715 0.044890 0.019805
0 0.533294 0.377872 0.028167 0.019805
0 0.490604 0.388764 0.036088 0.023105
0 0.469919 0.394706 0.017604 0.008582
0 0.472560 0.361038 0.035208 0.037629
0 0.506007 0.364999 0.049291 0.045551
0 0.563221 0.368630 0.059854 0.044890
0 0.505127 0.408569 0.014083 0.015184
0 0.510408 0.451479 0.015844 0.012543
0 0.508208 0.430024 0.037849 0.027726
0 0.536374 0.450819 0.018484 0.012543
0 0.550458 0.464022 0.023766 0.021785
0 0.534174 0.487457 0.028167 0.023766
0 0.525372 0.474254 0.038729 0.029047
0 0.570262 0.483496 0.044010 0.023766
0 0.584786 0.498020 0.023766 0.010562
0 0.591387 0.511553 0.024646 0.017824
0 0.564541 0.512213 0.034328 0.031027
0 0.542976 0.524096 0.033448 0.032348
0 0.568062 0.540269 0.036088 0.022445
0 0.525372 0.510562 0.017604 0.009242
0 0.582585 0.555783 0.042250 0.025746
0 0.660483 0.598693 0.034328 0.019144
0 0.649481 0.576908 0.026406 0.013863
0 0.665324 0.586150 0.026406 0.017824
0 0.607671 0.562913 0.014963 0.012543
0 0.618233 0.589649 0.051932 0.052812
0 0.473440 0.512477 0.028167 0.021785
0 0.492804 0.519408 0.019364 0.015844
0 0.506447 0.514787 0.022005 0.021125
0 0.510849 0.496633 0.030807 0.015184
0 0.497322 0.482770 0.027932 0.019144
0 0.463758 0.496963 0.028167 0.017164
0 0.449674 0.516966 0.015844 0.005941
0 0.427745 0.497607 0.032861 0.016588
0 0.444492 0.479122 0.030965 0.020380
0 0.466294 0.470591 0.022750 0.019432
0 0.439752 0.465614 0.021486 0.017062
0 0.451443 0.458742 0.029701 0.017536
0 0.446704 0.448552 0.017694 0.009479
0 0.431537 0.449500 0.025278 0.018010
0 0.414475 0.481966 0.026542 0.016588
0 0.420162 0.468221 0.020222 0.011849
0 0.399624 0.462534 0.023382 0.013745
0 0.386353 0.453292 0.018326 0.012323
0 0.377190 0.460875 0.022750 0.018958
0 0.357284 0.459927 0.025910 0.019906
0 0.361392 0.423195 0.016430 0.011849
0 0.379402 0.442296 0.022118 0.015167
0 0.363603 0.446087 0.020854 0.015167
0 0.359496 0.436134 0.027805 0.018010
0 0.383194 0.428788 0.027173 0.016588
0 0.417634 0.455661 0.018958 0.014219
0 0.407839 0.443813 0.036021 0.025594
0 0.421426 0.414427 0.030333 0.025594
0 0.432485 0.431016 0.017062 0.009479
0 0.442596 0.435518 0.012007 0.009953
0 0.450179 0.438836 0.013271 0.010901
0 0.482724 0.447367 0.012639 0.011849
0 0.466926 0.444286 0.029069 0.020854
0 0.457131 0.430305 0.014535 0.006161
0 0.495363 0.460875 0.031597 0.021802
0 0.394568 0.325418 0.051187 0.028437
0 0.412579 0.361676 0.036653 0.029859
0 0.435645 0.349827 0.033493 0.029859
0 0.386353 0.378738 0.036021 0.027015
0 0.437225 0.396559 0.032861 0.015641
0 0.441332 0.377364 0.054979 0.035073
0 0.474193 0.426845 0.036021 0.022750
0 0.465978 0.409782 0.047396 0.023698
0 0.332954 0.406939 0.050555 0.019906
0 0.326635 0.427319 0.045500 0.029385
0 0.329478 0.378501 0.068882 0.036021
0 0.386669 0.410256 0.049291 0.042656
0 0.486832 0.496990 0.010743 0.007583