0 0.487379 0.555070 0.046231 0.027824
0 0.559294 0.537948 0.048514 0.032961
0 0.603813 0.515689 0.032533 0.028680
0 0.561577 0.601943 0.021118 0.019691
0 0.602100 0.597235 0.042806 0.029108
0 0.639485 0.587389 0.047943 0.027396
0 0.471113 0.611147 0.036528 0.026112
0 0.447141 0.588031 0.025113 0.014126
0 0.377224 0.562990 0.030250 0.022259
0 0.373746 0.598354 0.028400 0.017270
0 0.429394 0.636348 0.021492 0.016119
0 0.442826 0.616199 0.025330 0.025330
0 0.416345 0.613033 0.038378 0.032813
0 0.387562 0.622532 0.042216 0.033389
0 0.328459 0.586264 0.048356 0.036843
0 0.287011 0.564965 0.062173 0.037994
0 0.218698 0.572448 0.037611 0.037994
0 0.258227 0.608716 0.019957 0.021876
0 0.235968 0.611594 0.033773 0.027632
0 0.260530 0.636348 0.027632 0.017270
0 0.351870 0.714064 0.038378 0.028784
0 0.405983 0.727880 0.025330 0.027632
0 0.428242 0.719245 0.023794 0.017270
0 0.429394 0.742559 0.021492 0.014392
0 0.458561 0.731622 0.046054 0.035116
0 0.482356 0.711473 0.021492 0.017846
0 0.539923 0.721547 0.027632 0.014967
0 0.520350 0.740832 0.083664 0.025905
0 0.609771 0.702838 0.053729 0.047781
0 0.625506 0.673479 0.031470 0.022451
0 0.648533 0.655921 0.043751 0.033389
0 0.590966 0.665707 0.013049 0.009211
0 0.562950 0.671464 0.032238 0.025330
0 0.552204 0.656209 0.027632 0.017846
0 0.533015 0.663692 0.010746 0.008635
0 0.511237 0.653354 0.034816 0.024400
0 0.519513 0.676683 0.031962 0.022259
0 0.536350 0.695090 0.051938 0.035957
0 0.455303 0.674115 0.013127 0.013698
0 0.430475 0.653140 0.007991 0.007705
0 0.407645 0.654210 0.014840 0.008989
0 0.462152 0.639228 0.032533 0.022687
0 0.474138 0.662557 0.029108 0.023115
0 0.444744 0.659133 0.026255 0.028252
0 0.482128 0.687599 0.039382 0.024400
0 0.489548 0.670476 0.017693 0.009845
0 0.302612 0.677453 0.036662 0.033880
0 0.276752 0.670087 0.021605 0.023078
0 0.256457 0.656094 0.029461 0.021605
0 0.292137 0.637926 0.031425 0.034371
0 0.289846 0.604783 0.041245 0.030934
0 0.335346 0.645046 0.039281 0.038790
0 0.318979 0.637189 0.032734 0.035844
0 0.309159 0.539527 0.036662 0.019641
0 0.323235 0.526024 0.029461 0.015221
0 0.312760 0.510066 0.034698 0.022587
0 0.224050 0.494599 0.051066 0.043700
0 0.248273 0.467102 0.051066 0.030934
0 0.251547 0.442060 0.039281 0.025042
0 0.268896 0.425071 0.034698 0.019150
0 0.260712 0.400520 0.051066 0.038790
0 0.293447 0.410832 0.043209 0.034862
0 0.312760 0.386281 0.028151 0.017186
0 0.306868 0.371796 0.028151 0.015712
0 0.333710 0.365167 0.025533 0.017186
0 0.349095 0.387509 0.048447 0.043209
0 0.366117 0.456005 0.034044 0.016203
0 0.364480 0.435383 0.033389 0.028970
0 0.332400 0.431945 0.037317 0.031916
0 0.309159 0.426544 0.023569 0.020132
0 0.379210 0.482520 0.037972 0.022096
0 0.382484 0.514190 0.054994 0.037317
0 0.351059 0.498969 0.028806 0.018659
0 0.345821 0.485711 0.023569 0.013748
0 0.353350 0.475155 0.020295 0.011293
0 0.324217 0.462143 0.045828 0.031425
0 0.298029 0.479083 0.045828 0.035844
0 0.261040 0.525975 0.051720 0.037317
0 0.269223 0.541687 0.022259 0.013748
0 0.445334 0.504517 0.054994 0.033880
0 0.440424 0.477266 0.039936 0.021605
0 0.389685 0.417117 0.027497 0.017186
0 0.419146 0.367279 0.034044 0.021605
0 0.498036 0.364572 0.021605 0.012263
0 0.674146 0.387901 0.058267 0.039281
0 0.610642 0.356722 0.064814 0.047628
0 0.594275 0.380536 0.022914 0.013748
0 0.581508 0.371207 0.020950 0.025533
0 0.565141 0.382255 0.017022 0.011293
0 0.527824 0.315968 0.052375 0.027988
0 0.419474 0.324315 0.033389 0.031916
0 0.486579 0.338554 0.028806 0.017186
0 0.482978 0.322351 0.026842 0.014239
0 0.453517 0.331435 0.043864 0.047137
0 0.371682 0.344447 0.071361 0.046646
0 0.433549 0.394039 0.040591 0.031916
0 0.407035 0.397967 0.015058 0.016203
0 0.385430 0.395758 0.033389 0.028479
0 0.436495 0.552293 0.025533 0.025533
0 0.412927 0.557449 0.037317 0.027006
0 0.416855 0.576107 0.042555 0.019150
0 0.420456 0.673525 0.031425 0.035844
0 0.391977 0.670087 0.039936 0.038790
0 0.369718 0.688255 0.038626 0.035844
0 0.512439 0.628106 0.021605 0.016694
0 0.528806 0.609202 0.039936 0.023078
0 0.537972 0.627369 0.020295 0.027006
0 0.580199 0.648974 0.020950 0.019150
0 0.600167 0.641363 0.029461 0.027497
0 0.621444 0.636453 0.028806 0.019641
0 0.620135 0.620740 0.034044 0.018659
0 0.588710 0.625405 0.013094 0.012275
0 0.564814 0.630561 0.041245 0.028479
0 0.637157 0.508936 0.045828 0.033880
0 0.557940 0.397722 0.018331 0.015712
0 0.524878 0.434057 0.036008 0.023569
0 0.561540 0.441667 0.033389 0.025042
0 0.548119 0.427919 0.013094 0.010311
0 0.572015 0.421045 0.036008 0.025042
0 0.593620 0.419081 0.018986 0.014239
0 0.598203 0.402386 0.051720 0.032898
0 0.472176 0.406560 0.034044 0.021605
0 0.471521 0.430374 0.039281 0.022096
0 0.611624 0.545763 0.031425 0.022096
0 0.657125 0.560002 0.018986 0.010311
0 0.645668 0.544535 0.036662 0.025533
0 0.618825 0.568595 0.049756 0.025533
0 0.501637 0.515074 0.019641 0.016694
0 0.525205 0.513356 0.041900 0.033880
0 0.523896 0.576451 0.035353 0.031425
0 0.478395 0.596583 0.022914 0.011784
0 0.493780 0.585044 0.045828 0.029952
0 0.543537 0.476775 0.032734 0.030443
0 0.496399 0.453452 0.015712 0.013257
0 0.517022 0.450997 0.021605 0.012275
0 0.416200 0.430718 0.054339 0.039281
0 0.435513 0.448394 0.036662 0.027497
0 0.467920 0.454532 0.037317 0.024060
0 0.475122 0.486694 0.020295 0.014730
0 0.465956 0.477119 0.009820 0.008347
0 0.487234 0.475646 0.034044 0.030934
0 0.517349 0.470736 0.028806 0.026024
0 0.773659 0.591083 0.034698 0.034371
0 0.687568 0.579299 0.026187 0.022587
0 0.757619 0.541491 0.024878 0.016694
0 0.708517 0.492144 0.048447 0.031916
0 0.698042 0.514730 0.041900 0.029952
0 0.695751 0.541491 0.037317 0.027497
0 0.672837 0.548365 0.012439 0.008838
0 0.712773 0.615143 0.043864 0.033389
0 0.738633 0.604095 0.039281 0.034862
0 0.749435 0.568251 0.033389 0.029952
0 0.716046 0.578317 0.041245 0.036335
0 0.726194 0.543897 0.018331 0.017186
0 0.725539 0.534813 0.017022 0.011784
0 0.720957 0.521065 0.019641 0.015712
0 0.751072 0.515909 0.041900 0.024060
0 0.761220 0.492095 0.053030 0.055976
0 0.699025 0.675734 0.075289 0.062850
0 0.672510 0.615585 0.043209 0.042718
0 0.568087 0.508838 0.033389 0.024060
0 0.577253 0.491898 0.032080 0.016694
0 0.580199 0.475940 0.015712 0.010311
0 0.586091 0.467839 0.017022 0.011784
0 0.635847 0.471276 0.056303 0.042227
0 0.598203 0.456791 0.038626 0.026024
0 0.593620 0.439605 0.021605 0.016203
0 0.633883 0.442551 0.037972 0.024060
0 0.615225 0.428803 0.043864 0.026024
0 0.520950 0.407493 0.050411 0.025042
0 0.496399 0.397427 0.031425 0.020623
0 0.481669 0.383679 0.028151 0.025533
0 0.463992 0.374104 0.039936 0.028970
0 0.518986 0.383679 0.046483 0.024551
0 0.530756 0.355293 0.054221 0.027396
0 0.536464 0.339027 0.053080 0.027396
0 0.562433 0.360216 0.052509 0.040666