0 0.742627 0.585270 0.023972 0.031463
0 0.767454 0.586555 0.029108 0.022473
0 0.765742 0.557981 0.047943 0.037242
0 0.731925 0.444330 0.055648 0.038526
0 0.690403 0.396173 0.056504 0.047515
0 0.657014 0.417683 0.022259 0.009631
0 0.651449 0.402594 0.026540 0.020547
0 0.632186 0.409015 0.015410 0.008989
0 0.617632 0.423462 0.020547 0.013484
0 0.628334 0.470977 0.024828 0.013484
0 0.645456 0.452356 0.019691 0.012200
0 0.593660 0.448183 0.020547 0.010274
0 0.552566 0.461346 0.027396 0.016052
0 0.531163 0.457493 0.017123 0.014768
0 0.490925 0.472583 0.013698 0.007705
0 0.494350 0.484782 0.020547 0.015410
0 0.387334 0.439515 0.020547 0.010916
0 0.372351 0.447220 0.023115 0.010916
0 0.422007 0.572428 0.021403 0.013484
0 0.627477 0.566328 0.016266 0.010274
0 0.600509 0.502440 0.018835 0.016052
0 0.609927 0.497624 0.015410 0.012842
0 0.574826 0.374663 0.020547 0.018621
0 0.471662 0.382689 0.019691 0.020547
0 0.447691 0.395210 0.029964 0.016052
0 0.407025 0.425388 0.030821 0.016052
0 0.368499 0.383331 0.029108 0.014126
0 0.222957 0.569860 0.022259 0.014768
0 0.208831 0.585591 0.028252 0.016694
0 0.233231 0.540645 0.017123 0.020547
0 0.210543 0.538076 0.033389 0.017979
0 0.209687 0.494735 0.040238 0.037884
0 0.313707 0.489919 0.032533 0.024400
0 0.335538 0.479003 0.033389 0.016694
0 0.333398 0.462309 0.037670 0.023115
0 0.347096 0.563760 0.034245 0.019263
0 0.367215 0.529729 0.028252 0.029536
0 0.428428 0.536471 0.022259 0.026326
0 0.412161 0.534545 0.032533 0.022473
0 0.399747 0.543213 0.041950 0.041094
0 0.385193 0.612880 0.019691 0.014768
0 0.433136 0.600039 0.028252 0.030179
0 0.520890 0.617696 0.020547 0.020547
0 0.464385 0.628291 0.017123 0.017337
0 0.488785 0.616091 0.038526 0.022473
0 0.490925 0.635675 0.030821 0.020547
0 0.512328 0.643059 0.042806 0.023758
0 0.536300 0.644022 0.010274 0.014126
0 0.561556 0.621870 0.036813 0.028894
0 0.467810 0.465841 0.039382 0.026326
0 0.460961 0.491845 0.049655 0.035957
0 0.406596 0.453320 0.031677 0.024400
0 0.373207 0.463593 0.031677 0.021831
0 0.392470 0.484782 0.056504 0.037242
0 0.330401 0.428920 0.045375 0.038526
0 0.366358 0.419289 0.043663 0.035957
0 0.412161 0.403236 0.034245 0.028252
0 0.384765 0.394889 0.041094 0.033389
0 0.453255 0.373443 0.035957 0.028252
0 0.499486 0.356748 0.037670 0.020547
0 0.499914 0.383395 0.043663 0.031463
0 0.520033 0.428984 0.035957 0.025042
0 0.530307 0.408116 0.030821 0.025684
0 0.578678 0.343907 0.024828 0.021831
0 0.523458 0.315654 0.041094 0.030821
0 0.424147 0.357712 0.051368 0.036599
0 0.423719 0.331386 0.023115 0.019905
0 0.390758 0.330101 0.027396 0.013484
0 0.390330 0.346796 0.029964 0.019905
0 0.309854 0.539168 0.050512 0.035315
0 0.283742 0.505779 0.061641 0.034031
0 0.273041 0.461153 0.059073 0.029536
0 0.274753 0.479774 0.029964 0.012842
0 0.255062 0.577694 0.029964 0.027610
0 0.263195 0.547515 0.037670 0.030179
0 0.241792 0.619109 0.034245 0.030821
0 0.224241 0.606909 0.029964 0.024400
0 0.269616 0.666303 0.036813 0.026326
0 0.343671 0.691024 0.020547 0.019263
0 0.315847 0.695518 0.026540 0.028252
0 0.334254 0.712213 0.015410 0.011558
0 0.357797 0.711892 0.043663 0.035315
0 0.398035 0.699371 0.016266 0.015410
0 0.452827 0.651214 0.033389 0.024400
0 0.385193 0.732760 0.014554 0.011558
0 0.419866 0.737897 0.066778 0.029536
0 0.440842 0.720881 0.024828 0.018621
0 0.453255 0.698087 0.047943 0.032105
0 0.450259 0.675613 0.026540 0.024400
0 0.492637 0.685245 0.034245 0.024400
0 0.489641 0.664055 0.024828 0.020547
0 0.516609 0.666303 0.023972 0.021189
0 0.543577 0.663734 0.024828 0.022473
0 0.566264 0.657635 0.034245 0.034673
0 0.550854 0.700334 0.030821 0.022473
0 0.517893 0.682997 0.012842 0.010916
0 0.579962 0.690381 0.041094 0.026968
0 0.616776 0.716707 0.090750 0.050083
0 0.520890 0.723449 0.063353 0.046873
0 0.597085 0.577694 0.039382 0.019905
0 0.553850 0.555541 0.047087 0.035957
0 0.525598 0.521510 0.055648 0.032105
0 0.507620 0.518621 0.024828 0.018621
0 0.474231 0.550083 0.050512 0.030179
0 0.405740 0.598241 0.021403 0.026326
0 0.380485 0.586362 0.029108 0.030821
0 0.347524 0.591178 0.047087 0.035315
0 0.284170 0.591178 0.052224 0.044305
0 0.298296 0.653461 0.037670 0.025042
0 0.299152 0.637730 0.029108 0.025684
0 0.325264 0.636445 0.038526 0.038526
0 0.351804 0.641582 0.035101 0.043663
0 0.410021 0.624567 0.031677 0.021189
0 0.501199 0.580904 0.027396 0.030179
0 0.474231 0.584115 0.033389 0.023758
0 0.462245 0.580262 0.043663 0.030179
0 0.251209 0.420701 0.061641 0.043663
0 0.291875 0.403044 0.055648 0.034031
0 0.304289 0.382496 0.037670 0.019905
0 0.327405 0.371260 0.032533 0.025684
0 0.334682 0.344613 0.053936 0.034031
0 0.360366 0.364197 0.048799 0.033389
0 0.476371 0.437781 0.042806 0.021831
0 0.503339 0.450623 0.043663 0.026968
0 0.654017 0.510659 0.065922 0.035315
0 0.665147 0.483370 0.035101 0.017979
0 0.655730 0.466996 0.041950 0.026326
0 0.628334 0.491075 0.043663 0.023115
0 0.602222 0.545332 0.035957 0.028894
0 0.639035 0.548542 0.039382 0.031463
0 0.573969 0.528637 0.035957 0.023758
0 0.589380 0.517722 0.029108 0.018621
0 0.563268 0.492038 0.036813 0.025042
0 0.547001 0.480480 0.033389 0.027610
0 0.517465 0.477591 0.032533 0.026968
0 0.568405 0.448054 0.031677 0.024400
0 0.567548 0.421086 0.029964 0.026968
0 0.591948 0.421729 0.029108 0.021831
0 0.654445 0.628483 0.025684 0.020547
0 0.480508 0.410731 0.029061 0.028288
0 0.452683 0.416528 0.029061 0.030607
0 0.388070 0.655908 0.016076 0.012985
0 0.406619 0.650575 0.037099 0.022723
0 0.385906 0.639214 0.030297 0.024114
0 0.407237 0.672371 0.042045 0.027360
0 0.714306 0.553840 0.050083 0.033985
0 0.688071 0.566957 0.042134 0.026830
0 0.711523 0.584248 0.019079 0.013713
0 0.732988 0.610780 0.027029 0.017887
0 0.671774 0.593787 0.041339 0.030408
0 0.707946 0.594980 0.018284 0.007751
0 0.705561 0.603625 0.024644 0.019079
0 0.689661 0.666229 0.027824 0.034581
0 0.658657 0.668316 0.037364 0.038755
0 0.718678 0.632244 0.036569 0.031004
0 0.678929 0.633735 0.046109 0.033985
0 0.466273 0.322800 0.070753 0.044121
0 0.626461 0.335023 0.055648 0.030408
0 0.546566 0.332817 0.050083 0.046506
0 0.538218 0.373658 0.042929 0.031600
0 0.550110 0.387420 0.026568 0.020464
0 0.556573 0.403037 0.028004 0.025850
0 0.584576 0.397383 0.049545 0.027465
0 0.631249 0.386451 0.045237 0.036620
0 0.617965 0.367602 0.063188 0.038774
0 0.598578 0.464538 0.033030 0.021541
0 0.618683 0.449728 0.031594 0.027465
0 0.649918 0.436803 0.056725 0.035005
0 0.589244 0.600517 0.051699 0.021003
0 0.628736 0.600248 0.018669 0.009694
0 0.631249 0.582207 0.036620 0.025311
0 0.603964 0.623135 0.046673 0.024234
0 0.618324 0.658409 0.046673 0.036620
0 0.728579 0.663799 0.048514 0.041522