0 0.234379 0.532793 0.058828 0.040544
0 0.242726 0.587050 0.054853 0.048891
0 0.284860 0.579001 0.016694 0.010136
0 0.305927 0.594801 0.014310 0.009540
0 0.284531 0.595690 0.024283 0.018718
0 0.316345 0.669866 0.024733 0.017158
0 0.337368 0.644361 0.017313 0.012521
0 0.347879 0.713921 0.040809 0.029215
0 0.345097 0.682155 0.047610 0.030607
0 0.304906 0.685170 0.030297 0.019013
0 0.322528 0.695604 0.040809 0.028752
0 0.393944 0.682387 0.034007 0.022723
0 0.408540 0.659190 0.045623 0.031049
0 0.432897 0.667084 0.020404 0.015303
0 0.395203 0.625273 0.030821 0.027824
0 0.417462 0.610933 0.034245 0.029108
0 0.422599 0.580326 0.017123 0.014126
0 0.405762 0.571765 0.021118 0.015838
0 0.325000 0.586105 0.021689 0.013698
0 0.360387 0.570267 0.015981 0.007705
0 0.283091 0.643978 0.051514 0.029096
0 0.294221 0.635154 0.059782 0.028619
0 0.290405 0.613213 0.045791 0.025757
0 0.271961 0.665204 0.050878 0.041021
0 0.420145 0.724589 0.035615 0.037682
0 0.387726 0.722229 0.037099 0.035957
0 0.407417 0.738282 0.029679 0.020119
0 0.452792 0.733145 0.024542 0.016694
0 0.487322 0.728864 0.025113 0.014982
0 0.480188 0.742562 0.024542 0.015838
0 0.364611 0.638115 0.031962 0.014982
0 0.367179 0.658234 0.039382 0.026112
0 0.461353 0.663799 0.026825 0.016694
0 0.515004 0.650101 0.029108 0.019263
0 0.528702 0.700612 0.030250 0.013270
0 0.592055 0.668079 0.043948 0.035529
0 0.550676 0.668507 0.039953 0.035529
0 0.534980 0.621848 0.033674 0.023544
0 0.560664 0.597449 0.057646 0.035529
0 0.567798 0.626985 0.027396 0.020975
0 0.560093 0.638971 0.021118 0.011558
0 0.542114 0.641967 0.014840 0.012414
0 0.636859 0.618638 0.031962 0.027396
0 0.606324 0.640041 0.033674 0.021403
0 0.610319 0.622919 0.029108 0.022259
0 0.735028 0.647318 0.045660 0.037670
0 0.677383 0.614571 0.059358 0.034673
0 0.666538 0.573263 0.052509 0.034245
0 0.609748 0.566628 0.030250 0.021831
0 0.643137 0.541800 0.030821 0.020975
0 0.443696 0.682212 0.039492 0.026927
0 0.502048 0.666025 0.041094 0.029536
0 0.517172 0.683361 0.041665 0.030821
0 0.469515 0.704764 0.043377 0.030821
0 0.454390 0.712684 0.040523 0.026112
0 0.556554 0.724883 0.024542 0.025684
0 0.524592 0.722529 0.038240 0.026968
0 0.538861 0.746287 0.058787 0.017123
0 0.611632 0.708189 0.044519 0.038526
0 0.579670 0.718034 0.019406 0.015410
0 0.592797 0.727452 0.026255 0.018835
0 0.664426 0.702196 0.059929 0.044519
0 0.757599 0.607053 0.036867 0.026085
0 0.741601 0.597141 0.028520 0.017738
0 0.761425 0.573143 0.025042 0.021912
0 0.714124 0.582533 0.038954 0.032346
0 0.716907 0.534798 0.047301 0.039128
0 0.738470 0.558274 0.043127 0.027650
0 0.772207 0.523581 0.036867 0.025042
0 0.780902 0.542362 0.027824 0.016694
0 0.784032 0.564013 0.024346 0.021390
0 0.503356 0.571578 0.048692 0.036519
0 0.461968 0.615140 0.042432 0.018260
0 0.443534 0.594272 0.037563 0.025563
0 0.484575 0.591663 0.038954 0.027650
0 0.470315 0.642008 0.036867 0.025042
0 0.443882 0.640182 0.035476 0.025563
0 0.371539 0.602619 0.031302 0.024520
0 0.349280 0.596098 0.025737 0.025042
0 0.336411 0.611749 0.031998 0.017738
0 0.341184 0.626404 0.023463 0.020304
0 0.365248 0.623472 0.027072 0.018951
0 0.464513 0.578848 0.011430 0.011280
0 0.469627 0.567793 0.019251 0.019853
0 0.445863 0.567568 0.037901 0.027523
0 0.422401 0.557641 0.040307 0.024816
0 0.410970 0.538465 0.040307 0.022560
0 0.572802 0.552227 0.015040 0.015792
0 0.558363 0.542300 0.031885 0.026621
0 0.591451 0.542526 0.035495 0.037901
0 0.584834 0.510490 0.022259 0.015341
0 0.524072 0.513649 0.049933 0.034291
0 0.477147 0.533953 0.019853 0.018048
0 0.458798 0.523350 0.046925 0.031133
0 0.454887 0.487254 0.040307 0.031133
0 0.401946 0.510039 0.022259 0.017146
0 0.422100 0.505302 0.036096 0.025719
0 0.405556 0.478681 0.036698 0.025719
0 0.341485 0.494022 0.064973 0.031133
0 0.316519 0.551324 0.016243 0.009475
0 0.364948 0.554257 0.031283 0.025267
0 0.378484 0.579524 0.034291 0.024365
0 0.335770 0.561476 0.027072 0.027975
0 0.300877 0.563507 0.048730 0.036547
0 0.371866 0.521996 0.009024 0.012182
0 0.383296 0.519740 0.010227 0.018499
0 0.341786 0.538691 0.022259 0.013085
0 0.351712 0.524252 0.032487 0.023914
0 0.318925 0.514100 0.041511 0.015341
0 0.314112 0.526959 0.035495 0.010378
0 0.315015 0.539593 0.034893 0.013987
0 0.427514 0.455354 0.039706 0.022560
0 0.444058 0.435952 0.046323 0.026170
0 0.413978 0.425123 0.023463 0.011731
0 0.403450 0.439561 0.040909 0.025267
0 0.484366 0.424897 0.031885 0.032035
0 0.446164 0.410910 0.046925 0.028426
0 0.374874 0.467310 0.051136 0.038352
0 0.393825 0.455805 0.012032 0.011731
0 0.516552 0.442720 0.024064 0.021658
0 0.516251 0.479267 0.036698 0.029779
0 0.559867 0.492352 0.034893 0.027072
0 0.543022 0.484230 0.036096 0.029779
0 0.575509 0.449262 0.019251 0.016694
0 0.543323 0.452195 0.040307 0.023463
0 0.554453 0.434147 0.036096 0.018951
0 0.571598 0.412038 0.025869 0.019853
0 0.577314 0.390606 0.034893 0.029328
0 0.554453 0.382259 0.014438 0.012634
0 0.592354 0.412940 0.012032 0.005414
0 0.597768 0.431440 0.037299 0.024365
0 0.588744 0.482200 0.031283 0.029328
0 0.611304 0.492803 0.029479 0.022560
0 0.660636 0.516491 0.043917 0.032938
0 0.638376 0.485584 0.023463 0.015341
0 0.630555 0.510175 0.035495 0.030231
0 0.768684 0.471236 0.033088 0.028877
0 0.741611 0.431304 0.031885 0.029328
0 0.716946 0.428372 0.029479 0.019853
0 0.736498 0.413482 0.019251 0.014438
0 0.708523 0.402879 0.042714 0.036547
0 0.670321 0.406714 0.028877 0.022560
0 0.662265 0.653261 0.052613 0.039966
0 0.619067 0.466253 0.026234 0.022657
0 0.329053 0.414066 0.022259 0.009845
0 0.345319 0.400154 0.027396 0.020547
0 0.325343 0.385172 0.030821 0.017979
0 0.309933 0.440606 0.046802 0.037242
0 0.337899 0.431189 0.045660 0.033817
0 0.369576 0.415778 0.040523 0.033817
0 0.403536 0.393305 0.036528 0.023972
0 0.451194 0.373614 0.054221 0.040238
0 0.359873 0.340011 0.059929 0.038098
0 0.266555 0.419845 0.051368 0.039382
0 0.279968 0.396730 0.037099 0.031677
0 0.301942 0.403151 0.038811 0.035957
0 0.351883 0.372972 0.043948 0.030393
0 0.386699 0.380249 0.053080 0.029536
0 0.390979 0.349214 0.038811 0.037670
0 0.424368 0.354137 0.040523 0.044947
0 0.468031 0.328239 0.060500 0.044519
0 0.516545 0.323317 0.035387 0.040666
0 0.537662 0.359488 0.026255 0.029964
0 0.503988 0.359274 0.041094 0.032961
0 0.575047 0.347716 0.064495 0.050940
0 0.642395 0.369976 0.031391 0.025256
0 0.613572 0.413210 0.031962 0.021831
0 0.696503 0.378922 0.023401 0.013698
0 0.669677 0.364368 0.057646 0.041094
0 0.657121 0.446556 0.018835 0.008561
0 0.671960 0.485510 0.016552 0.012842
0 0.689654 0.473738 0.049655 0.050940
0 0.723043 0.489363 0.028538 0.017979
0 0.734172 0.477591 0.030250 0.029536
0 0.646619 0.422970 0.046231 0.030393
0 0.650044 0.462780 0.039382 0.021831
0 0.635775 0.445229 0.037099 0.020119
0 0.621791 0.388297 0.051368 0.041522
0 0.546167 0.397072 0.024542 0.023972
0 0.537605 0.420616 0.048514 0.025684
0 0.524764 0.393862 0.031962 0.027824
0 0.509353 0.386370 0.030821 0.031677
0 0.492516 0.394932 0.033674 0.030821