0 0.366250 0.707664 0.038864 0.035547
0 0.291365 0.658254 0.036969 0.020617
0 0.296104 0.641547 0.040760 0.019906
0 0.266245 0.630172 0.028437 0.022750
0 0.273354 0.611332 0.019906 0.014930
0 0.294208 0.617731 0.042656 0.029148
0 0.254870 0.598891 0.041708 0.036969
0 0.283781 0.584317 0.036969 0.030570
0 0.314588 0.578985 0.034125 0.031281
0 0.294208 0.555168 0.042656 0.023461
0 0.273828 0.535618 0.041708 0.036969
0 0.249182 0.525665 0.037916 0.032703
0 0.258188 0.456349 0.048344 0.040523
0 0.308901 0.523176 0.022750 0.029148
0 0.303687 0.479809 0.055927 0.040523
0 0.343500 0.492962 0.023698 0.014219
0 0.371937 0.508247 0.016115 0.014930
0 0.342552 0.524598 0.044552 0.034836
0 0.329755 0.454216 0.047396 0.031992
0 0.329755 0.416892 0.054979 0.029859
0 0.374781 0.468435 0.036969 0.031992
0 0.400848 0.464524 0.030333 0.015641
0 0.398479 0.445329 0.042656 0.019906
0 0.371937 0.434310 0.035073 0.031992
0 0.394687 0.412626 0.048344 0.031281
0 0.415067 0.427200 0.024646 0.017773
0 0.383786 0.546282 0.047396 0.031281
0 0.404640 0.566899 0.041708 0.028437
0 0.374781 0.619508 0.046448 0.035547
0 0.387578 0.596758 0.039812 0.027015
0 0.415541 0.625906 0.021802 0.017062
0 0.419333 0.600313 0.016115 0.017062
0 0.433551 0.602090 0.010427 0.013508
0 0.446348 0.573297 0.036021 0.025594
0 0.453931 0.596047 0.030333 0.018484
0 0.467676 0.607067 0.018010 0.013508
0 0.491848 0.608489 0.026542 0.014930
0 0.479525 0.615598 0.018958 0.014930
0 0.475733 0.634082 0.026542 0.020617
0 0.451088 0.622352 0.030333 0.017062
0 0.442083 0.640836 0.038864 0.027015
0 0.391843 0.669273 0.025594 0.019906
0 0.416963 0.672828 0.039812 0.031281
0 0.408432 0.704820 0.045500 0.039812
0 0.333073 0.700555 0.023698 0.014219
0 0.334968 0.682426 0.048344 0.033414
0 0.321224 0.664297 0.043604 0.036969
0 0.411749 0.517844 0.025594 0.022750
0 0.528343 0.740722 0.050239 0.037680
0 0.486160 0.711219 0.018958 0.017062
0 0.473838 0.695578 0.028437 0.032703
0 0.448718 0.695933 0.029385 0.037680
0 0.452510 0.671406 0.016115 0.011375
0 0.458197 0.657188 0.029385 0.017062
0 0.469098 0.670340 0.022750 0.019195
0 0.491374 0.668918 0.029385 0.022039
0 0.513650 0.662520 0.026542 0.023461
0 0.498483 0.651145 0.028437 0.016351
0 0.507015 0.641902 0.030333 0.016351
0 0.502749 0.621996 0.033177 0.020617
0 0.532608 0.627684 0.030333 0.020617
0 0.533082 0.610266 0.036969 0.022750
0 0.563889 0.604578 0.018958 0.015641
0 0.526447 0.592848 0.029385 0.019195
0 0.545879 0.585383 0.032229 0.027015
0 0.496588 0.587516 0.028437 0.024172
0 0.522181 0.571875 0.026542 0.017062
0 0.552514 0.566543 0.017062 0.012086
0 0.470520 0.562278 0.040760 0.024883
0 0.443030 0.535262 0.018010 0.017773
0 0.464832 0.537395 0.029385 0.023461
0 0.442083 0.512512 0.016115 0.012086
0 0.463411 0.512868 0.026542 0.029859
0 0.479999 0.504337 0.023698 0.024172
0 0.490900 0.510735 0.028437 0.019906
0 0.497061 0.526376 0.012323 0.008531
0 0.489004 0.544149 0.024646 0.018484
0 0.507489 0.553391 0.021802 0.008531
0 0.506067 0.561922 0.015167 0.012797
0 0.509384 0.540239 0.027489 0.027726
0 0.510806 0.519977 0.026542 0.018484
0 0.534978 0.552325 0.018010 0.012086
0 0.535452 0.535973 0.026542 0.023461
0 0.542087 0.678871 0.041708 0.024883
0 0.550619 0.641547 0.036021 0.014219
0 0.542087 0.655410 0.039812 0.020617
0 0.645410 0.689535 0.041708 0.036258
0 0.698019 0.708730 0.057823 0.033414
0 0.707972 0.657188 0.053083 0.022750
0 0.710816 0.678160 0.054979 0.022039
0 0.665790 0.645813 0.035073 0.034125
0 0.620290 0.652566 0.036969 0.023461
0 0.588061 0.641192 0.027489 0.026305
0 0.578582 0.624485 0.036969 0.027015
0 0.605597 0.629461 0.037916 0.027015
0 0.599436 0.615242 0.042656 0.021328
0 0.601806 0.599246 0.015167 0.010664
0 0.586165 0.587516 0.046448 0.025594
0 0.586639 0.565477 0.037916 0.017062
0 0.633087 0.627684 0.030333 0.017773
0 0.634983 0.644391 0.024646 0.018484
0 0.633561 0.597114 0.019906 0.017773
0 0.651571 0.584672 0.038864 0.025594
0 0.654889 0.609910 0.053083 0.031992
0 0.708446 0.610266 0.044552 0.042656
0 0.752524 0.609199 0.047396 0.044789
0 0.717925 0.565122 0.055927 0.040523
0 0.820773 0.587871 0.028437 0.037680
0 0.785227 0.579696 0.065406 0.051187
0 0.778591 0.525309 0.063510 0.054742
0 0.726930 0.513934 0.060666 0.049054
0 0.661524 0.554102 0.028437 0.021328
0 0.722191 0.470923 0.051187 0.035547
0 0.689488 0.449595 0.038864 0.028437
0 0.664842 0.459192 0.042656 0.024883
0 0.653467 0.470923 0.040760 0.025594
0 0.601332 0.314517 0.061614 0.025594
0 0.353927 0.381345 0.048344 0.021328
0 0.354875 0.352552 0.054031 0.037680
0 0.402744 0.345443 0.043604 0.036258
0 0.503223 0.693801 0.037916 0.033414
0 0.535452 0.702687 0.034125 0.025594
0 0.558202 0.713707 0.037916 0.034836
0 0.607493 0.717972 0.051187 0.043367
0 0.577160 0.696289 0.034125 0.032703
0 0.606545 0.687402 0.036021 0.030570
0 0.628347 0.549908 0.022750 0.019195
0 0.632139 0.536044 0.022750 0.012797
0 0.680482 0.520404 0.032229 0.031281
0 0.652045 0.512228 0.028437 0.013508
0 0.659154 0.493388 0.029385 0.015641
0 0.607493 0.541732 0.034125 0.029859
0 0.574316 0.523958 0.015167 0.009953
0 0.572894 0.538888 0.040760 0.029859
0 0.536874 0.516138 0.016115 0.019906
0 0.553462 0.518626 0.024646 0.022039
0 0.570999 0.506896 0.025594 0.018484
0 0.568155 0.486634 0.031281 0.019195
0 0.582374 0.470283 0.029385 0.023461
0 0.599910 0.466017 0.018958 0.013508
0 0.599910 0.508318 0.032229 0.021328
0 0.597066 0.490189 0.039812 0.020617
0 0.626451 0.478103 0.017062 0.013508
0 0.625978 0.493388 0.027489 0.021328
0 0.628347 0.517916 0.037916 0.024883
0 0.710816 0.419025 0.056875 0.049765
0 0.675269 0.410493 0.021802 0.018484
0 0.620290 0.352552 0.036969 0.027726
0 0.591379 0.350064 0.039812 0.022750
0 0.551092 0.353619 0.036969 0.032703
0 0.556306 0.401251 0.030333 0.025594
0 0.429009 0.398597 0.025278 0.016115
0 0.396780 0.370397 0.040444 0.022276
0 0.427745 0.368975 0.032861 0.024172
0 0.441016 0.347410 0.039180 0.038864
0 0.415107 0.385326 0.045500 0.018958
0 0.502314 0.334850 0.065722 0.048817
0 0.479565 0.358548 0.066986 0.046922
0 0.577516 0.385516 0.017694 0.008531
0 0.582887 0.394758 0.022118 0.009005
0 0.596158 0.379354 0.049923 0.034125
0 0.641026 0.375326 0.046132 0.030807
0 0.644185 0.415849 0.013271 0.014219
0 0.610692 0.400446 0.014535 0.010901
0 0.619224 0.426513 0.015167 0.011849
0 0.633758 0.427935 0.018958 0.018484
0 0.653664 0.394047 0.072673 0.045500
0 0.653980 0.431964 0.040444 0.036021
0 0.615748 0.449737 0.036021 0.031755
0 0.532648 0.505901 0.031597 0.023698
0 0.531068 0.486232 0.028437 0.021328
0 0.562033 0.433149 0.015799 0.007109
0 0.546550 0.429594 0.007583 0.009479
0 0.538967 0.433149 0.018958 0.012797
0 0.526012 0.436229 0.027173 0.015167
0 0.514637 0.422721 0.024646 0.010901
0 0.506422 0.431490 0.023382 0.013271
0 0.520957 0.413716 0.023382 0.011849
0 0.532964 0.420589 0.020854 0.014219
0 0.553186 0.417508 0.014535 0.007109
0 0.559821 0.425565 0.017694 0.009005
0 0.575936 0.429120 0.009479 0.008531
0 0.595210 0.409214 0.050555 0.019906
0 0.581307 0.452818 0.018958 0.010427
0 0.595526 0.430542 0.037285 0.023698
0 0.571512 0.442628 0.025910 0.021328
0 0.561085 0.463719 0.013903 0.009479
0 0.549078 0.465378 0.017694 0.016588
0 0.551290 0.448552 0.023382 0.020854
0 0.528856 0.464430 0.031597 0.017536
0 0.532016 0.448552 0.021486 0.017062
0 0.513057 0.444760 0.018958 0.016115
0 0.503578 0.450685 0.027805 0.020380
0 0.484936 0.450211 0.034757 0.013745
0 0.484620 0.436703 0.031597 0.014219
0 0.505474 0.485995 0.018958 0.010427
0 0.479249 0.474857 0.025910 0.012797
0 0.487148 0.486232 0.025278 0.021328
0 0.500735 0.471302 0.032229 0.020854
0 0.473877 0.463245 0.026542 0.017062
0 0.453655 0.464904 0.015167 0.007109
0 0.452707 0.455187 0.024646 0.016115
0 0.451127 0.440732 0.029069 0.017536
0 0.429325 0.452344 0.020854 0.018958
0 0.437225 0.435044 0.024014 0.014693
0 0.447968 0.423906 0.017694 0.013271
0 0.463766 0.424143 0.016430 0.012797
0 0.451443 0.396891 0.027173 0.016115
0 0.437856 0.418456 0.040444 0.027015
0 0.499787 0.383146 0.020222 0.011375
0 0.492835 0.392625 0.034125 0.018958
0 0.512742 0.395469 0.024646 0.016115
0 0.491256 0.403763 0.025910 0.017536
0 0.506106 0.413716 0.032861 0.022276
0 0.477353 0.413479 0.039812 0.026542
0 0.532648 0.382435 0.045500 0.048817
0 0.460606 0.495000 0.016430 0.007583
0 0.464082 0.486469 0.024646 0.013271
0 0.456499 0.474146 0.020854 0.012323
0 0.441648 0.473672 0.018958 0.011375
0 0.441648 0.493341 0.030333 0.025120
0 0.419214 0.483862 0.029701 0.028911