0 0.326470 0.694496 0.039707 0.033888
0 0.351458 0.687051 0.044499 0.035428
0 0.384661 0.685254 0.035599 0.033888
0 0.418549 0.685767 0.043130 0.028753
0 0.408965 0.705535 0.045868 0.020025
0 0.403830 0.735829 0.039707 0.024132
0 0.427107 0.731721 0.015061 0.014890
0 0.449014 0.721452 0.034230 0.026186
0 0.443537 0.745328 0.035599 0.020538
0 0.472633 0.733261 0.030807 0.029267
0 0.489063 0.744557 0.032176 0.022078
0 0.511655 0.734032 0.033546 0.034915
0 0.545201 0.735315 0.039022 0.034401
0 0.586619 0.728640 0.046553 0.024132
0 0.604077 0.706048 0.054084 0.033374
0 0.557524 0.693212 0.025330 0.018998
0 0.576008 0.683970 0.040392 0.029267
0 0.500702 0.673701 0.052714 0.032348
0 0.484614 0.652136 0.038338 0.023105
0 0.529797 0.655730 0.017800 0.014890
0 0.506863 0.638273 0.023961 0.013863
0 0.516448 0.630828 0.015746 0.011296
0 0.522267 0.615167 0.021907 0.021052
0 0.495567 0.608493 0.034230 0.023105
0 0.466472 0.625693 0.034915 0.029780
0 0.430872 0.628517 0.036284 0.035428
0 0.383635 0.638529 0.047238 0.035942
0 0.360700 0.657271 0.032861 0.020025
0 0.386031 0.614140 0.017800 0.012836
0 0.351116 0.620045 0.019169 0.016430
0 0.313463 0.635706 0.052030 0.034401
0 0.260406 0.645461 0.048607 0.036455
0 0.301824 0.601561 0.042445 0.028753
0 0.261091 0.581434 0.041761 0.034915
0 0.238156 0.542668 0.035599 0.025159
0 0.217276 0.527008 0.044499 0.039022
0 0.234579 0.496801 0.047613 0.029954
0 0.255857 0.515569 0.032861 0.028437
0 0.282399 0.510593 0.025278 0.022276
0 0.272288 0.494241 0.031597 0.015167
0 0.259333 0.475046 0.046132 0.034599
0 0.297565 0.476279 0.045500 0.028911
0 0.292826 0.452818 0.063826 0.021802
0 0.284295 0.431490 0.061930 0.037916
0 0.317788 0.364425 0.045500 0.037443
0 0.705596 0.657032 0.051532 0.032488
0 0.770944 0.541926 0.037342 0.038649
0 0.740697 0.511959 0.061988 0.036969
0 0.725014 0.558169 0.041076 0.025206
0 0.674602 0.631827 0.032861 0.029127
0 0.702235 0.623985 0.043317 0.025766
0 0.697007 0.601019 0.035848 0.028006
0 0.701488 0.579734 0.041823 0.021285
0 0.733976 0.597659 0.039583 0.042570
0 0.658171 0.612782 0.032861 0.026886
0 0.619709 0.675517 0.048545 0.024646
0 0.551373 0.391867 0.043317 0.032488
0 0.596930 0.411191 0.058254 0.049852
0 0.640994 0.393267 0.073190 0.054333
0 0.722773 0.407270 0.032114 0.029687
0 0.696634 0.417353 0.056013 0.043130
0 0.642114 0.447880 0.056013 0.040329
0 0.682444 0.477511 0.053026 0.038649
0 0.703729 0.458746 0.059747 0.038089
0 0.598051 0.474486 0.033608 0.022965
0 0.577886 0.441326 0.030620 0.028567
0 0.540171 0.439366 0.023899 0.017924
0 0.550626 0.449728 0.023899 0.015124
0 0.577139 0.489498 0.023152 0.012883
0 0.566683 0.479135 0.024646 0.013443
0 0.549880 0.471853 0.040329 0.024646
0 0.416569 0.593122 0.032114 0.019605
0 0.345619 0.586680 0.042570 0.024646
0 0.304916 0.568196 0.041823 0.028006
0 0.454792 0.585620 0.020222 0.014219
0 0.469643 0.576615 0.024646 0.023698
0 0.435202 0.573534 0.020222 0.009953
0 0.389071 0.569032 0.027805 0.025594
0 0.422879 0.551969 0.010743 0.006635
0 0.415296 0.545808 0.017062 0.013271
0 0.402973 0.544149 0.024014 0.014693
0 0.388755 0.550784 0.014535 0.012797
0 0.410873 0.561922 0.028437 0.023698
0 0.442470 0.544623 0.022118 0.015641
0 0.456056 0.544386 0.030333 0.021802
0 0.443102 0.559790 0.033493 0.021328
0 0.499028 0.584435 0.035389 0.026068
0 0.538525 0.586331 0.027173 0.020380
0 0.517987 0.565714 0.010111 0.005687
0 0.510719 0.560027 0.012007 0.008531
0 0.491445 0.564292 0.025278 0.016115
0 0.477542 0.548652 0.010111 0.008531
0 0.478174 0.536803 0.025278 0.016115
0 0.499028 0.550073 0.031597 0.019906
0 0.536629 0.561685 0.020854 0.018484
0 0.561907 0.571591 0.027173 0.020475
0 0.550216 0.541779 0.016430 0.010901
0 0.592872 0.557183 0.018326 0.015167
0 0.568226 0.591545 0.010743 0.006161
0 0.605511 0.601024 0.013271 0.008057
0 0.626997 0.585383 0.029701 0.016588
0 0.633000 0.599128 0.035389 0.021328
0 0.598875 0.659415 0.015167 0.010901
0 0.615938 0.636665 0.030333 0.017536
0 0.558431 0.612256 0.016430 0.014219
0 0.579285 0.603251 0.026542 0.021802
0 0.555903 0.598512 0.025278 0.018010
0 0.543896 0.613678 0.017694 0.016115
0 0.549584 0.631926 0.025278 0.020380
0 0.574229 0.625527 0.026542 0.018958
0 0.559379 0.648514 0.033493 0.026068
0 0.609302 0.649462 0.020854 0.019432
0 0.590660 0.650647 0.024014 0.023698
0 0.655434 0.664392 0.017062 0.016115
0 0.633316 0.660126 0.033493 0.024646
0 0.647851 0.641168 0.033493 0.028437
0 0.604879 0.621736 0.022118 0.016115
0 0.622889 0.619129 0.022750 0.015641
0 0.599191 0.612256 0.025910 0.017062
0 0.596031 0.589270 0.025910 0.016588
0 0.584341 0.579080 0.031597 0.020854
0 0.493025 0.368548 0.062562 0.042656
0 0.404553 0.378501 0.034757 0.035073
0 0.368848 0.378501 0.034125 0.019906
0 0.352418 0.394142 0.035389 0.030333
0 0.379275 0.421157 0.014535 0.008531
0 0.392230 0.422105 0.018958 0.014219
0 0.386859 0.402910 0.049923 0.029859
0 0.399498 0.453718 0.009479 0.009005
0 0.410557 0.455377 0.008847 0.013271
0 0.419088 0.458221 0.010743 0.013271
0 0.351786 0.508934 0.022750 0.008531
0 0.342623 0.515569 0.018326 0.010427
0 0.493973 0.519835 0.020222 0.013271
0 0.524622 0.541400 0.013271 0.009953
0 0.510719 0.535239 0.034757 0.025120
0 0.674076 0.554718 0.027805 0.017062
0 0.674708 0.540500 0.025278 0.018958
0 0.660805 0.534338 0.027805 0.016115
0 0.692718 0.525096 0.036021 0.028911
0 0.626049 0.514195 0.024014 0.014693
0 0.626365 0.495474 0.036021 0.028437
0 0.655434 0.506849 0.047396 0.034125
0 0.467684 0.436277 0.032861 0.024172
0 0.508128 0.417555 0.042972 0.018010
0 0.509392 0.397175 0.037916 0.026542
0 0.513500 0.431063 0.044868 0.024172
0 0.501493 0.448599 0.015799 0.013745
0 0.384900 0.443007 0.032861 0.023224
0 0.336240 0.415754 0.045500 0.022750
0 0.497701 0.496327 0.023382 0.015167
0 0.478427 0.485900 0.026542 0.019906
0 0.471160 0.466705 0.027173 0.020380
0 0.476847 0.455330 0.019590 0.010901
0 0.517292 0.504621 0.010743 0.010901
0 0.537514 0.513626 0.037285 0.030807
0 0.554892 0.497038 0.045500 0.025120
0 0.612083 0.532584 0.013271 0.010901
0 0.570059 0.521447 0.035389 0.023698
0 0.565003 0.555429 0.035389 0.023224
0 0.587753 0.530783 0.039180 0.031755
0 0.632178 0.553581 0.052451 0.047396
0 0.386543 0.513911 0.024014 0.013745
0 0.395706 0.504905 0.010743 0.018484
0 0.408345 0.505142 0.022118 0.016115
0 0.379275 0.505616 0.020854 0.018958
0 0.361581 0.544244 0.025910 0.016588
0 0.376116 0.535002 0.015799 0.017062
0 0.397918 0.528366 0.017694 0.018010
0 0.327140 0.540689 0.022750 0.017062
0 0.304074 0.512252 0.024646 0.020854
0 0.318609 0.500877 0.025910 0.021802
0 0.353682 0.568179 0.030333 0.018010
0 0.335356 0.558936 0.036653 0.027963
0 0.296491 0.539504 0.036021 0.032703
0 0.411820 0.530025 0.015167 0.014693
0 0.344203 0.528366 0.015167 0.018010
0 0.329984 0.509408 0.022118 0.012323
0 0.326824 0.524338 0.027173 0.016588
0 0.362213 0.526470 0.027173 0.022750
0 0.431411 0.530262 0.027805 0.018010
0 0.423195 0.514148 0.037916 0.017062
0 0.453845 0.507038 0.023382 0.019906
0 0.471539 0.517465 0.028437 0.023698
0 0.502504 0.512252 0.025910 0.017062
0 0.434254 0.494715 0.024646 0.018958
0 0.450685 0.475757 0.012007 0.009479
0 0.447209 0.484288 0.026542 0.014219
0 0.380539 0.479786 0.017062 0.010901
0 0.369796 0.485947 0.018326 0.013745
0 0.396338 0.480497 0.019590 0.012323
0 0.404553 0.490450 0.014535 0.015167
0 0.384331 0.489265 0.019590 0.010901
0 0.405501 0.474098 0.015167 0.011849
0 0.405501 0.466278 0.013903 0.007583
0 0.420668 0.484762 0.027805 0.015167
0 0.418140 0.466989 0.013903 0.007109
0 0.428883 0.475046 0.026542 0.017536
0 0.435202 0.457273 0.018958 0.018958
0 0.452265 0.459169 0.012639 0.011375
0 0.417824 0.410967 0.012007 0.010901
0 0.429199 0.404095 0.033493 0.019906
0 0.440574 0.376369 0.043604 0.044078
0 0.469959 0.396275 0.050555 0.025120
0 0.455424 0.415944 0.026542 0.024646
0 0.478806 0.416418 0.022750 0.021802
0 0.436466 0.439642 0.032861 0.022750
0 0.420984 0.427556 0.041076 0.027963
0 0.521146 0.482393 0.018958 0.025594
0 0.504716 0.482393 0.029069 0.016115
0 0.503452 0.470070 0.034125 0.019906
0 0.521146 0.457747 0.029069 0.021802
0 0.330679 0.464572 0.015167 0.008531
0 0.390082 0.464098 0.015167 0.009479
0 0.381550 0.472155 0.029701 0.016115
0 0.335735 0.475710 0.025278 0.019432
0 0.352165 0.481160 0.037916 0.018958
0 0.347742 0.494431 0.041708 0.016115
0 0.352797 0.465283 0.030333 0.015641
0 0.348690 0.446087 0.060034 0.035073