0 0.445724 0.739343 0.051196 0.027824
0 0.349638 0.708459 0.057874 0.041736
0 0.325895 0.678408 0.050454 0.037284
0 0.505083 0.741013 0.030421 0.018920
0 0.509905 0.723205 0.028195 0.014469
0 0.548117 0.730161 0.023001 0.015025
0 0.676108 0.693990 0.035615 0.026155
0 0.511389 0.664385 0.050454 0.037062
0 0.439789 0.661714 0.036357 0.023929
0 0.494695 0.619700 0.028937 0.021146
0 0.384511 0.352087 0.053422 0.039510
0 0.322185 0.383806 0.065294 0.040623
0 0.214969 0.504674 0.036357 0.023929
0 0.232777 0.583139 0.027453 0.015025
0 0.246874 0.644908 0.039325 0.040623
0 0.282118 0.648804 0.034131 0.021703
0 0.272844 0.627935 0.042293 0.031163
0 0.301410 0.620979 0.022259 0.020590
0 0.315136 0.607624 0.040809 0.029494
0 0.328863 0.589260 0.037099 0.029494
0 0.355203 0.591486 0.021517 0.020590
0 0.350751 0.621814 0.048229 0.028937
0 0.361139 0.650473 0.040809 0.031720
0 0.394528 0.592877 0.028937 0.023372
0 0.374124 0.606233 0.011872 0.014469
0 0.385624 0.617362 0.015582 0.014469
0 0.404916 0.617362 0.024485 0.020033
0 0.434595 0.600946 0.048229 0.040623
0 0.404174 0.648971 0.027453 0.024485
0 0.426433 0.646188 0.023001 0.022259
0 0.403061 0.694046 0.040067 0.042293
0 0.431998 0.691820 0.017807 0.020033
0 0.462790 0.684864 0.045261 0.041736
0 0.516212 0.699610 0.040809 0.030050
0 0.558134 0.705175 0.038583 0.024485
0 0.577425 0.682081 0.059358 0.035058
0 0.569635 0.741347 0.031905 0.018920
0 0.594120 0.731608 0.033389 0.019477
0 0.613782 0.717696 0.046003 0.032832
0 0.537730 0.635782 0.028937 0.019477
0 0.551827 0.582359 0.020033 0.015025
0 0.524374 0.541180 0.037841 0.040623
0 0.528455 0.483862 0.044519 0.032832
0 0.608588 0.506121 0.026711 0.016138
0 0.604137 0.608904 0.017807 0.014469
0 0.718030 0.599722 0.020033 0.018364
0 0.751419 0.562716 0.024485 0.015582
0 0.446466 0.551196 0.048229 0.036171
0 0.410480 0.546188 0.034131 0.029494
0 0.419755 0.528659 0.012614 0.006678
0 0.433111 0.527824 0.021517 0.013912
0 0.426804 0.511686 0.040067 0.023929
0 0.400835 0.499444 0.020775 0.012799
0 0.405658 0.483584 0.017065 0.015582
0 0.386737 0.469950 0.034131 0.025042
0 0.387850 0.454368 0.011130 0.011686
0 0.406771 0.449638 0.038583 0.024485
0 0.390447 0.433779 0.035615 0.022816
0 0.355945 0.434891 0.021517 0.012799
0 0.374866 0.410684 0.043035 0.040067
0 0.347783 0.406233 0.015582 0.013356
0 0.337396 0.426544 0.015582 0.008347
0 0.328492 0.410963 0.030421 0.022816
0 0.239826 0.429883 0.038583 0.041736
0 0.255778 0.468002 0.030421 0.022259
0 0.267279 0.522538 0.026711 0.023372
0 0.301410 0.523929 0.037099 0.027268
0 0.288054 0.492487 0.038583 0.028937
0 0.291022 0.466889 0.020775 0.014469
0 0.334799 0.498887 0.031163 0.023929
0 0.362994 0.506400 0.034131 0.026711
0 0.316620 0.559822 0.017065 0.017807
0 0.250213 0.604062 0.017807 0.015025
0 0.229809 0.604897 0.023001 0.015582
0 0.298813 0.544240 0.017065 0.010017
0 0.622686 0.550640 0.016324 0.012799
0 0.606733 0.533389 0.030421 0.027268
0 0.633816 0.531441 0.029679 0.022259
0 0.574457 0.639343 0.043035 0.026155
0 0.570377 0.613467 0.043777 0.025598
0 0.583732 0.592877 0.034873 0.016694
0 0.589297 0.572565 0.038583 0.021703
0 0.502857 0.576183 0.034873 0.017807
0 0.515470 0.597607 0.046745 0.027268
0 0.499147 0.591764 0.025969 0.018920
0 0.707271 0.640178 0.028195 0.015582
0 0.736579 0.647134 0.018549 0.012799
0 0.715433 0.658820 0.038583 0.026155
0 0.734725 0.623205 0.047487 0.030607
0 0.762178 0.605676 0.020775 0.012243
0 0.768856 0.578408 0.044519 0.042293
0 0.521035 0.419143 0.048971 0.032276
0 0.516583 0.447802 0.038583 0.026155
0 0.473549 0.408848 0.053422 0.048414
0 0.527713 0.365721 0.051938 0.034502
0 0.546262 0.384641 0.043035 0.028937
0 0.562215 0.368503 0.023001 0.014469
0 0.600798 0.352922 0.023001 0.018920
0 0.580022 0.395214 0.039325 0.032276
0 0.590410 0.371285 0.028937 0.018920
0 0.671285 0.356260 0.060100 0.034502
0 0.623799 0.410239 0.037841 0.024485
0 0.706900 0.463662 0.040809 0.031163
0 0.683899 0.561992 0.027453 0.020590
0 0.749564 0.510239 0.059358 0.040623
0 0.720627 0.487702 0.031163 0.022259
0 0.620831 0.587869 0.027453 0.026711
0 0.375237 0.540679 0.033389 0.026711
0 0.390818 0.521202 0.030421 0.033389
0 0.446466 0.476127 0.037841 0.026711
0 0.430143 0.488648 0.039325 0.022816
0 0.478742 0.516750 0.026711 0.016694
0 0.483194 0.500056 0.047487 0.032276
0 0.478371 0.455537 0.020033 0.015582
0 0.493211 0.468336 0.033389 0.024485
0 0.528084 0.327268 0.043777 0.032832
0 0.567038 0.338954 0.047487 0.038397
0 0.353719 0.466277 0.030421 0.037284
0 0.320701 0.457930 0.037099 0.028381
0 0.306197 0.484931 0.024017 0.021966
0 0.326407 0.479220 0.026945 0.021088
0 0.418959 0.427599 0.017573 0.017134
0 0.461427 0.447588 0.020502 0.011423
0 0.451469 0.442096 0.014644 0.009226
0 0.441511 0.428038 0.038075 0.028556
0 0.289835 0.444352 0.040067 0.026155
0 0.270914 0.430718 0.024485 0.041180
0 0.306158 0.423762 0.047487 0.030607
0 0.434822 0.401155 0.027824 0.028520
0 0.407925 0.406024 0.024114 0.031302
0 0.274833 0.581664 0.038026 0.025042
0 0.255356 0.575056 0.030607 0.032693
0 0.288745 0.555927 0.036171 0.027824
0 0.226605 0.557318 0.043591 0.034780
0 0.205736 0.552796 0.020404 0.018781
0 0.215939 0.534711 0.050083 0.021564
0 0.250719 0.489844 0.032462 0.026433
0 0.231242 0.463063 0.032462 0.015999
0 0.226605 0.480454 0.030607 0.024346
0 0.348103 0.555579 0.036171 0.020173
0 0.338829 0.538884 0.030607 0.024346
0 0.615679 0.478367 0.037099 0.025737
0 0.616606 0.446369 0.031534 0.034085
0 0.678747 0.407415 0.057503 0.022955
0 0.675037 0.386199 0.053793 0.022259
0 0.628664 0.365331 0.042664 0.026433
0 0.630055 0.393503 0.049156 0.032693
0 0.588318 0.427240 0.015767 0.012521
0 0.568378 0.426892 0.040809 0.024346
0 0.555393 0.449847 0.029679 0.029911
0 0.583217 0.452629 0.029679 0.034085
0 0.661125 0.433500 0.053793 0.034780
0 0.562813 0.522538 0.040809 0.025042
0 0.696809 0.527880 0.033389 0.023372
0 0.673808 0.509794 0.027453 0.018364
0 0.699035 0.509516 0.014098 0.008904
0 0.740755 0.437547 0.071837 0.063743
0 0.713437 0.558962 0.037436 0.037942
0 0.659306 0.673926 0.026306 0.025042
0 0.636035 0.670511 0.024283 0.018212
0 0.634011 0.651920 0.050589 0.023524
0 0.650200 0.634846 0.046542 0.030354
0 0.619846 0.634087 0.016189 0.012141
0 0.573543 0.561613 0.018781 0.013043
0 0.661189 0.606480 0.017390 0.010956
0 0.684492 0.591872 0.034780 0.034954
0 0.654233 0.589524 0.027129 0.020868
0 0.636495 0.604914 0.034780 0.021390
0 0.655276 0.559265 0.031998 0.023998
0 0.670232 0.532398 0.022955 0.017216
0 0.645190 0.511530 0.032693 0.037041
0 0.564500 0.549614 0.043823 0.030780
0 0.654233 0.472663 0.029911 0.022955
0 0.671971 0.484401 0.040345 0.034954