0 0.405698 0.756262 0.056940 0.036331
0 0.347058 0.683919 0.072237 0.042068
0 0.354282 0.656192 0.071388 0.019759
0 0.358956 0.631653 0.045042 0.029320
0 0.324112 0.612531 0.036544 0.017847
0 0.329212 0.592772 0.033144 0.025496
0 0.302866 0.594684 0.017847 0.026770
0 0.287994 0.590860 0.032294 0.024221
0 0.310515 0.638664 0.058640 0.040793
0 0.276521 0.617311 0.051841 0.037606
0 0.251025 0.583849 0.039943 0.044617
0 0.272271 0.566639 0.045042 0.034419
0 0.289693 0.517560 0.050991 0.044617
0 0.276096 0.448913 0.047592 0.040156
0 0.337710 0.453694 0.051841 0.039518
0 0.328362 0.491937 0.051841 0.030595
0 0.382752 0.501817 0.041643 0.027408
0 0.341959 0.526993 0.036544 0.029320
0 0.337285 0.560775 0.042493 0.031869
0 0.351308 0.588183 0.029745 0.020396
0 0.336435 0.390975 0.033994 0.030595
0 0.368730 0.395755 0.045892 0.036331
0 0.403149 0.394162 0.039943 0.033144
0 0.439267 0.390337 0.040793 0.030595
0 0.423120 0.368029 0.049291 0.019122
0 0.412497 0.341577 0.038243 0.021034
0 0.436718 0.343489 0.015297 0.017210
0 0.463913 0.350819 0.047592 0.024221
0 0.452015 0.331060 0.033994 0.021671
0 0.484310 0.333291 0.023796 0.033782
0 0.500882 0.325323 0.021246 0.022946
0 0.524678 0.330741 0.039943 0.033782
0 0.556972 0.329785 0.041643 0.031869
0 0.599465 0.330104 0.043342 0.028683
0 0.580343 0.365798 0.027195 0.022309
0 0.603714 0.376315 0.043342 0.028045
0 0.624110 0.349226 0.060340 0.036331
0 0.743090 0.384919 0.053541 0.032507
0 0.657427 0.691342 0.048096 0.035890
0 0.696773 0.661801 0.056090 0.055453
0 0.749464 0.687297 0.066288 0.033782
0 0.756687 0.660845 0.062039 0.031869
0 0.803004 0.640449 0.064589 0.048442
0 0.737566 0.612085 0.066288 0.043980
0 0.769435 0.575754 0.056940 0.042705
0 0.798755 0.592645 0.061189 0.044617
0 0.809803 0.534770 0.042493 0.039518
0 0.829350 0.527440 0.042493 0.038881
0 0.839123 0.497482 0.048442 0.042705
0 0.785157 0.483460 0.044192 0.033782
0 0.684875 0.591497 0.032294 0.029320
0 0.669152 0.629422 0.034844 0.028683
0 0.600314 0.724265 0.056940 0.050354
0 0.565046 0.715661 0.023796 0.020396
0 0.458814 0.732870 0.032294 0.025496
0 0.431619 0.716935 0.037394 0.033144
0 0.407823 0.695264 0.042493 0.028045
0 0.456264 0.486519 0.032294 0.019759
0 0.418871 0.472815 0.025496 0.014023
0 0.378503 0.464848 0.022946 0.022309
0 0.381477 0.425011 0.030595 0.024221
0 0.410372 0.442858 0.052691 0.045892
0 0.464338 0.447957 0.038243 0.039518
0 0.499607 0.444133 0.035694 0.033144
0 0.513630 0.415769 0.046742 0.027408
0 0.525952 0.391230 0.054391 0.034419
0 0.561646 0.409076 0.023796 0.020396
0 0.542524 0.427561 0.014447 0.015297
0 0.555697 0.432341 0.022096 0.014660
0 0.565895 0.450507 0.032294 0.024221
0 0.539125 0.460068 0.034844 0.026770
0 0.545499 0.483970 0.044192 0.028683
0 0.500032 0.489069 0.017847 0.021034
0 0.518729 0.499586 0.029745 0.026770
0 0.595215 0.505003 0.024646 0.021034
0 0.589691 0.478042 0.032294 0.025496
0 0.611363 0.521767 0.021246 0.012748
0 0.626235 0.507426 0.037394 0.024858
0 0.617736 0.490535 0.032294 0.022946
0 0.655130 0.500096 0.020396 0.014023
0 0.650031 0.376123 0.044192 0.031232
0 0.686574 0.385684 0.027195 0.013385
0 0.667028 0.392377 0.039093 0.025496
0 0.682325 0.406399 0.033994 0.033144
0 0.655130 0.414048 0.037394 0.017847
0 0.644729 0.404514 0.022051 0.017511
0 0.627542 0.405973 0.031780 0.023349
0 0.615543 0.432484 0.029834 0.019944
0 0.594789 0.408162 0.036320 0.026754
0 0.587654 0.428836 0.036320 0.018484
0 0.588303 0.449266 0.016863 0.018484
0 0.602572 0.462399 0.025943 0.020430
0 0.600302 0.448049 0.021403 0.017998
0 0.618137 0.470425 0.012971 0.008269
0 0.630136 0.460697 0.022700 0.011188
0 0.620407 0.451454 0.029186 0.014106
0 0.647323 0.446104 0.031131 0.020916
0 0.649917 0.432970 0.031131 0.018971
0 0.670023 0.433213 0.020754 0.021403
0 0.681697 0.467750 0.036320 0.016539
0 0.684616 0.451698 0.040860 0.023349
0 0.705370 0.438807 0.035671 0.025781
0 0.716396 0.415459 0.029186 0.032591
0 0.750122 0.418134 0.039563 0.029186
0 0.788712 0.443428 0.033726 0.044751
0 0.754662 0.452184 0.043454 0.048643
0 0.497051 0.725218 0.036616 0.042250
0 0.537189 0.724426 0.045066 0.043834
0 0.520289 0.695379 0.028167 0.021653
0 0.505501 0.689041 0.018308 0.017428
0 0.461843 0.679271 0.016900 0.014787
0 0.477335 0.681120 0.018308 0.015316
0 0.468181 0.705149 0.059150 0.040137
0 0.436141 0.648376 0.023237 0.024822
0 0.417481 0.638606 0.025350 0.021125
0 0.396708 0.640190 0.017604 0.013731
0 0.413256 0.663692 0.050700 0.034328
0 0.729496 0.519461 0.028871 0.021125
0 0.682669 0.525799 0.015492 0.012675
0 0.696400 0.498336 0.051404 0.054925
0 0.767520 0.524214 0.031687 0.031687
0 0.746043 0.511804 0.026758 0.015316
0 0.740058 0.498336 0.033096 0.025350
0 0.704498 0.564616 0.042250 0.027990
0 0.704498 0.547716 0.033800 0.021653
0 0.729848 0.547716 0.045066 0.036440
0 0.639715 0.481278 0.033800 0.022709
0 0.649620 0.469074 0.030965 0.023224
0 0.478869 0.504242 0.020854 0.014693
0 0.434002 0.516565 0.032229 0.031755
0 0.406828 0.545950 0.028437 0.020380
0 0.515838 0.531968 0.022750 0.023698
0 0.495616 0.535523 0.025278 0.015641
0 0.497828 0.516802 0.041076 0.026542
0 0.440005 0.536234 0.021486 0.016115
0 0.452328 0.540737 0.022118 0.015641
0 0.462755 0.534812 0.027805 0.018958
0 0.459911 0.518224 0.029701 0.020854
0 0.395769 0.523437 0.025278 0.024646
0 0.375231 0.531731 0.041076 0.026068
0 0.370807 0.554718 0.029701 0.018958
0 0.367648 0.601403 0.030965 0.016588
0 0.396717 0.580549 0.020854 0.012797
0 0.380287 0.589554 0.020854 0.017536
0 0.376495 0.575572 0.029701 0.026542
0 0.391977 0.565382 0.017694 0.026068
0 0.411568 0.566093 0.032861 0.024646
0 0.429262 0.554955 0.027805 0.019432
0 0.557546 0.697332 0.056875 0.024172
0 0.606838 0.687379 0.041708 0.027015
0 0.601466 0.669842 0.047396 0.024172
0 0.572081 0.678373 0.025278 0.023224
0 0.552175 0.676715 0.034757 0.018010
0 0.534164 0.671501 0.017694 0.013271
0 0.603994 0.650647 0.046132 0.027489
0 0.629587 0.639272 0.031597 0.020854
0 0.640646 0.624579 0.029701 0.018010
0 0.631167 0.601119 0.043604 0.027963
0 0.648230 0.588559 0.019590 0.016115
0 0.656445 0.575762 0.022118 0.016115
0 0.632115 0.571733 0.037916 0.030807
0 0.640646 0.541921 0.039812 0.023698
0 0.655497 0.528414 0.045500 0.031755
0 0.456752 0.656429 0.034757 0.027489
0 0.472866 0.642921 0.016430 0.012797
0 0.549647 0.594862 0.028437 0.022276
0 0.570501 0.578985 0.032229 0.017062
0 0.520262 0.575193 0.027805 0.022750
0 0.486137 0.604626 0.022750 0.020380
0 0.467179 0.600123 0.022750 0.017062
0 0.505095 0.660790 0.056875 0.044552
0 0.558494 0.629982 0.020854 0.011375
0 0.547119 0.616712 0.033493 0.022750
0 0.586615 0.632589 0.021486 0.012797
0 0.601782 0.620503 0.031597 0.025594
0 0.595779 0.594436 0.020854 0.029385
0 0.578084 0.605337 0.028437 0.033177
0 0.553755 0.649889 0.036653 0.033177
0 0.482661 0.571117 0.041076 0.016115
0 0.467179 0.583914 0.030333 0.018958
0 0.435897 0.587706 0.028437 0.017062
0 0.445693 0.575620 0.035389 0.012797
0 0.453592 0.558794 0.020854 0.019906
0 0.469074 0.555240 0.020222 0.023224
0 0.490560 0.553581 0.029069 0.018958
0 0.536692 0.562065 0.030333 0.025120
0 0.556282 0.556377 0.018958 0.019432
0 0.569237 0.561591 0.029701 0.020380
0 0.588827 0.568463 0.012007 0.012323
0 0.606522 0.556851 0.036021 0.035547
0 0.587879 0.527229 0.021486 0.015167
0 0.572713 0.537656 0.037916 0.023698
0 0.538272 0.538841 0.027173 0.019432
0 0.558494 0.521067 0.033493 0.022750
0 0.571449 0.502820 0.011375 0.012797
0 0.544907 0.508271 0.026542 0.018958
0 0.450748 0.628561 0.035389 0.018010
0 0.518998 0.600360 0.020222 0.016588
0 0.500355 0.592540 0.023382 0.016115
0 0.395137 0.625243 0.024014 0.020854
0 0.405880 0.615527 0.024014 0.013745
0 0.405248 0.602730 0.045500 0.021328
0 0.404932 0.589933 0.020854 0.016588
0 0.483925 0.638040 0.015799 0.016115
0 0.492140 0.633537 0.012007 0.018484
0 0.509835 0.632115 0.028437 0.021328
0 0.529741 0.629509 0.013903 0.018010
0 0.500671 0.615053 0.031597 0.022276
0 0.475394 0.623347 0.017694 0.019906
0 0.465599 0.616475 0.019590 0.019432
0 0.422627 0.622873 0.029701 0.018010
0 0.427998 0.612920 0.022750 0.019906
0 0.452328 0.611972 0.018326 0.020854
0 0.442217 0.606522 0.023382 0.017536