0 0.379718 0.622778 0.021486 0.015167
0 0.344329 0.632968 0.022750 0.020380
0 0.567088 0.588417 0.008215 0.007109
0 0.502946 0.559505 0.006319 0.006161
0 0.466294 0.550500 0.011375 0.009953
0 0.439120 0.531305 0.010111 0.006635
0 0.427745 0.524906 0.012639 0.009005
0 0.372451 0.545287 0.009479 0.007109
0 0.326951 0.556898 0.013271 0.007583
0 0.299777 0.559979 0.015799 0.007109
0 0.515901 0.539978 0.013271 0.013745
0 0.510214 0.565098 0.009479 0.011849
0 0.542759 0.540215 0.016430 0.014219
0 0.605005 0.524812 0.013271 0.012797
0 0.605953 0.595431 0.010111 0.009005
0 0.588890 0.553249 0.018958 0.018484
0 0.518113 0.632637 0.017694 0.011375
0 0.508634 0.642353 0.022750 0.014693
0 0.532648 0.657993 0.021486 0.016588
0 0.604373 0.657756 0.012007 0.008531
0 0.504210 0.502393 0.011375 0.013271
0 0.454919 0.453339 0.018958 0.013745
0 0.479881 0.445519 0.020854 0.012323
0 0.375926 0.455946 0.011375 0.011375
0 0.422690 0.579411 0.017694 0.011849
0 0.447336 0.591023 0.021486 0.016115
0 0.462186 0.578937 0.025910 0.023224
0 0.434065 0.550026 0.031597 0.019432
0 0.446388 0.547419 0.023382 0.023698
0 0.410051 0.558557 0.011375 0.007109
0 0.402468 0.551211 0.020222 0.015167
0 0.386037 0.551211 0.021486 0.018010
0 0.375294 0.556424 0.016430 0.013271
0 0.376874 0.577516 0.030965 0.028911
0 0.400572 0.568747 0.029069 0.024646
0 0.409735 0.600739 0.030965 0.020380
0 0.427113 0.634627 0.037916 0.036969
0 0.464714 0.630836 0.030965 0.033177
0 0.492519 0.612114 0.034757 0.023224
0 0.483356 0.567325 0.027805 0.016115
0 0.465662 0.537466 0.027805 0.015167
0 0.359496 0.672307 0.040444 0.023224
0 0.328215 0.711219 0.041076 0.035073
0 0.353492 0.701739 0.041076 0.038864
0 0.254277 0.665482 0.049923 0.041234
0 0.306729 0.650315 0.052451 0.040286
0 0.292510 0.616664 0.045500 0.028911
0 0.247326 0.600313 0.049923 0.043604
0 0.219394 0.560264 0.039812 0.031755
0 0.197276 0.546756 0.046132 0.040760
0 0.209599 0.513816 0.046764 0.033651
0 0.234561 0.530404 0.036021 0.027963
0 0.249727 0.507891 0.034757 0.018958
0 0.237089 0.487748 0.049923 0.032703
0 0.262050 0.524006 0.030333 0.024646
0 0.286064 0.525428 0.021486 0.019906
0 0.277849 0.553154 0.035389 0.034599
0 0.290488 0.581829 0.035389 0.030333
0 0.334408 0.598654 0.042340 0.027015
0 0.342307 0.577326 0.027805 0.020380
0 0.323349 0.574482 0.034125 0.027015
0 0.309446 0.551732 0.024014 0.015641
0 0.305022 0.472724 0.017694 0.013271
0 0.304074 0.423432 0.041076 0.025594
0 0.281956 0.368927 0.053715 0.039812
0 0.372640 0.379686 0.032861 0.035547
0 0.336303 0.381582 0.036021 0.025120
0 0.320189 0.399118 0.036653 0.030807
0 0.355894 0.405043 0.049923 0.029385
0 0.362529 0.425328 0.027805 0.011185
0 0.525570 0.381535 0.048028 0.038864
0 0.627313 0.434381 0.059402 0.040286
0 0.768931 0.525049 0.041076 0.043604
0 0.725327 0.544007 0.044868 0.031281
0 0.718691 0.647851 0.045500 0.035547
0 0.601466 0.731267 0.046132 0.025120
0 0.567341 0.695483 0.030965 0.019906
0 0.614421 0.705199 0.060666 0.033651
0 0.582824 0.681975 0.044236 0.027963
0 0.628008 0.674866 0.049923 0.027015
0 0.594199 0.648325 0.024014 0.026068
0 0.612841 0.646903 0.024646 0.019432
0 0.620108 0.634106 0.030333 0.018484
0 0.664660 0.657804 0.022118 0.016588
0 0.639383 0.655197 0.034757 0.022750
0 0.654233 0.637187 0.042972 0.033177
0 0.662133 0.605432 0.034757 0.025594
0 0.685830 0.622494 0.041708 0.032229
0 0.713320 0.615622 0.049923 0.027015
0 0.740177 0.585715 0.048028 0.044552
0 0.702893 0.582634 0.040444 0.045974
0 0.634643 0.593061 0.031597 0.025120
0 0.626744 0.579317 0.029701 0.014693
0 0.577136 0.625053 0.032861 0.021802
0 0.550911 0.632400 0.032229 0.019432
0 0.564182 0.649936 0.032229 0.029859
0 0.503262 0.680743 0.057507 0.039338
0 0.485884 0.658704 0.042972 0.028437
0 0.379086 0.649699 0.051819 0.038864
0 0.426482 0.696858 0.040444 0.031755
0 0.414475 0.717001 0.046764 0.028437
0 0.389829 0.698043 0.031597 0.032229
0 0.456183 0.754917 0.029069 0.018010
0 0.437856 0.741884 0.013903 0.019432
0 0.413843 0.749230 0.050555 0.026542
0 0.459026 0.732167 0.036021 0.032229
0 0.483356 0.742357 0.032861 0.030807
0 0.500419 0.751600 0.031597 0.027489
0 0.524432 0.740699 0.036653 0.036969
0 0.559505 0.740225 0.038548 0.035073
0 0.522853 0.616048 0.024646 0.021802
0 0.544339 0.613441 0.019590 0.017536
0 0.534859 0.586189 0.030965 0.020854
0 0.530120 0.560121 0.022750 0.018010
0 0.557925 0.517465 0.030333 0.026542
0 0.579727 0.525996 0.039812 0.032229
0 0.580991 0.574577 0.030965 0.021328
0 0.557925 0.558462 0.035389 0.037443
0 0.557925 0.610598 0.017694 0.014693
0 0.554766 0.597327 0.026542 0.017536
0 0.579095 0.602303 0.028437 0.022750
0 0.597106 0.584293 0.027805 0.020854
0 0.601213 0.607517 0.025910 0.019906
0 0.607217 0.614626 0.018958 0.020854
0 0.624911 0.614863 0.029069 0.020380
0 0.345783 0.554007 0.027173 0.017536
0 0.363793 0.541447 0.020222 0.018010
0 0.345467 0.534101 0.026542 0.020380
0 0.299335 0.510640 0.022750 0.017062
0 0.308182 0.518698 0.021486 0.013271
0 0.332828 0.515380 0.013903 0.010427
0 0.308498 0.534101 0.025910 0.016588
0 0.329352 0.537656 0.020854 0.018010
0 0.326508 0.523674 0.015167 0.009953
0 0.310710 0.483388 0.022750 0.017536
0 0.358421 0.447509 0.032229 0.023698
0 0.422248 0.420494 0.015799 0.010427
0 0.388439 0.411489 0.012639 0.010427
0 0.459848 0.485663 0.025278 0.019432
0 0.450685 0.466231 0.030965 0.021328
0 0.482914 0.494668 0.024646 0.016588
0 0.459532 0.504621 0.014535 0.009953
0 0.437730 0.508887 0.024014 0.022276
0 0.459848 0.518129 0.027805 0.020854
0 0.482029 0.518555 0.024140 0.015072
0 0.488917 0.511967 0.027805 0.016115
0 0.492709 0.586852 0.035389 0.029385
0 0.382751 0.535096 0.017694 0.018010
0 0.533153 0.443481 0.026542 0.020380
0 0.520514 0.432106 0.029069 0.021328
0 0.490813 0.426655 0.044236 0.027489
0 0.482282 0.411726 0.044868 0.022276
0 0.482914 0.392767 0.043604 0.021328
0 0.446893 0.435660 0.038548 0.027489
0 0.560011 0.432817 0.039812 0.029385
0 0.584656 0.464335 0.032229 0.027963
0 0.690696 0.439926 0.060034 0.040760
0 0.673318 0.463387 0.056875 0.037443
0 0.689748 0.511019 0.037916 0.029385
0 0.737144 0.496327 0.063194 0.036021
0 0.675214 0.544433 0.035389 0.019432
0 0.673002 0.528082 0.025910 0.015167
0 0.652780 0.522868 0.028437 0.020854
0 0.615179 0.504147 0.026542 0.014693
0 0.613599 0.485426 0.032229 0.030333
0 0.646144 0.496327 0.044236 0.036021
0 0.522537 0.488886 0.010111 0.010901
0 0.550342 0.473245 0.024014 0.013745
0 0.563613 0.483435 0.027805 0.020854
0 0.545602 0.490545 0.044868 0.027489
0 0.525380 0.511162 0.036021 0.030807
0 0.490624 0.549552 0.033493 0.021328
0 0.499155 0.533201 0.031597 0.021802
0 0.502946 0.477985 0.024014 0.025120
0 0.485884 0.470638 0.027805 0.028437
0 0.499155 0.453813 0.032861 0.023224
0 0.534228 0.465899 0.043604 0.027489
0 0.574040 0.398171 0.065090 0.047870
0 0.461870 0.363098 0.066986 0.043130
0 0.708011 0.385611 0.039812 0.028437
0 0.680522 0.399118 0.061930 0.045026
0 0.618908 0.379449 0.075201 0.054031
0 0.421236 0.486990 0.013271 0.007109
0 0.429768 0.475615 0.012639 0.012797
0 0.407966 0.508081 0.014535 0.009479
0 0.383004 0.468506 0.015167 0.008057
0 0.387743 0.457605 0.010743 0.010901
0 0.395327 0.460448 0.013271 0.012797
0 0.399989 0.447612 0.017540 0.010032
0 0.430400 0.457605 0.016430 0.013745
0 0.371945 0.521352 0.020854 0.016115
0 0.359622 0.512110 0.022750 0.018484
0 0.397539 0.534859 0.016430 0.014693
0 0.417445 0.534859 0.024646 0.018484
0 0.406702 0.517560 0.037285 0.017062
0 0.384268 0.495521 0.022750 0.012797
0 0.387428 0.509977 0.029069 0.017062
0 0.417445 0.497417 0.027173 0.018484
0 0.400382 0.487938 0.024646 0.014693
0 0.393747 0.469691 0.012639 0.008531
0 0.429768 0.486279 0.016430 0.011375
0 0.635021 0.560433 0.049976 0.023105
0 0.615852 0.538098 0.029438 0.031834
0 0.642894 0.539125 0.026015 0.028753
0 0.431009 0.564798 0.039022 0.022592
0 0.342011 0.502670 0.018484 0.014377
0 0.322499 0.506007 0.028753 0.018998
0 0.322842 0.493685 0.025330 0.008729
0 0.344407 0.491117 0.017800 0.014890
0 0.332084 0.484442 0.023277 0.016944
0 0.342695 0.459026 0.023961 0.016430
0 0.330030 0.468269 0.030123 0.018484
0 0.276631 0.476227 0.046553 0.050832
0 0.255751 0.446190 0.067776 0.050318
0 0.315996 0.447731 0.049976 0.033888
0 0.415948 0.370456 0.058191 0.033374
0 0.438540 0.394588 0.045868 0.022078
0 0.401571 0.399723 0.037653 0.024132
0 0.411498 0.459437 0.023277 0.016430
0 0.408075 0.474841 0.030123 0.014377
0 0.384114 0.476895 0.020538 0.012323
0 0.452574 0.413278 0.020538 0.016944
0 0.429982 0.414305 0.026015 0.018998
0 0.413552 0.438180 0.030123 0.023619
0 0.400544 0.420466 0.028753 0.021052
0 0.388221 0.432276 0.031492 0.023105
0 0.374529 0.484905 0.027384 0.012323
0 0.351937 0.477716 0.020538 0.017457
0 0.365287 0.468474 0.017115 0.015404
0 0.363576 0.493376 0.024646 0.016944