0 0.492780 0.439944 0.070293 0.057113
0 0.422535 0.557629 0.030211 0.022658
0 0.492099 0.542126 0.053267 0.029813
0 0.503230 0.573132 0.038956 0.033391
0 0.470236 0.576710 0.049291 0.040546
0 0.514758 0.603840 0.050881 0.035180
0 0.460696 0.632401 0.036571 0.032198
0 0.509192 0.668773 0.071552 0.056049
0 0.508397 0.723153 0.062012 0.045316
0 0.415380 0.708843 0.085863 0.054857
0 0.449963 0.739252 0.062807 0.039354
0 0.621688 0.765786 0.070757 0.035180
0 0.473416 0.772345 0.039751 0.024447
0 0.449963 0.791426 0.046906 0.031602
0 0.372051 0.760122 0.059627 0.038161
0 0.407827 0.778606 0.048496 0.027428
0 0.279431 0.737165 0.052472 0.035180
0 0.528273 0.756842 0.042931 0.024447
0 0.536223 0.778308 0.046111 0.028025
0 0.583925 0.695427 0.069962 0.063801
0 0.609365 0.653092 0.050881 0.033987
0 0.620496 0.627452 0.031801 0.030410
0 0.655477 0.628645 0.044521 0.037565
0 0.658259 0.693638 0.075527 0.066186
0 0.755650 0.705861 0.077912 0.058434
0 0.779103 0.656669 0.067577 0.055453
0 0.810506 0.626558 0.039751 0.023851
0 0.824022 0.648918 0.038161 0.028025
0 0.869815 0.598533 0.044521 0.062012
0 0.830859 0.609862 0.050881 0.033391
0 0.836822 0.574384 0.053267 0.043528
0 0.795083 0.571403 0.028621 0.032795
0 0.766859 0.554409 0.054857 0.045316
0 0.743009 0.532347 0.058037 0.045316
0 0.706438 0.539503 0.037366 0.031006
0 0.717568 0.624173 0.069167 0.048894
0 0.728301 0.580645 0.066782 0.042931
0 0.643233 0.583328 0.039751 0.029217
0 0.671854 0.578856 0.028621 0.019081
0 0.681792 0.562161 0.029416 0.019081
0 0.648401 0.547850 0.046906 0.038161
0 0.591557 0.566633 0.073142 0.062608
0 0.662314 0.469620 0.044521 0.047701
0 0.708028 0.474390 0.058037 0.058434
0 0.750561 0.487508 0.031801 0.029813
0 0.769245 0.461869 0.029416 0.015503
0 0.807008 0.426689 0.036571 0.036969
0 0.760499 0.433844 0.058037 0.042931
0 0.669867 0.423708 0.050086 0.034584
0 0.632898 0.445471 0.052472 0.043528
0 0.612227 0.418043 0.028621 0.022062
0 0.602290 0.397472 0.031006 0.023851
0 0.565321 0.498241 0.073142 0.052472
0 0.611830 0.484229 0.051677 0.037565
0 0.597122 0.460378 0.019081 0.014907
0 0.572476 0.460080 0.033391 0.019081
0 0.578836 0.437422 0.055652 0.031006
0 0.569694 0.406714 0.050086 0.031602
0 0.540675 0.392702 0.054062 0.039354
0 0.402739 0.641464 0.065987 0.042931
0 0.405521 0.603005 0.068372 0.032795
0 0.356230 0.606285 0.027031 0.027428
0 0.380876 0.577366 0.050881 0.026832
0 0.369348 0.550236 0.058037 0.034584
0 0.215908 0.665017 0.048496 0.024447
0 0.211138 0.698110 0.058037 0.033391
0 0.172580 0.653092 0.073142 0.061416
0 0.189275 0.606404 0.036571 0.026236
0 0.114463 0.596864 0.069167 0.073937
0 0.136327 0.562578 0.041341 0.032795
0 0.179258 0.549759 0.066782 0.052472
0 0.228947 0.547970 0.040546 0.034584
0 0.235704 0.591199 0.049291 0.048298
0 0.273071 0.607596 0.025441 0.020273
0 0.279828 0.581957 0.045316 0.034584
0 0.308052 0.605510 0.054062 0.038757
0 0.327927 0.577187 0.042931 0.035776
0 0.428339 0.415419 0.065987 0.049490
0 0.450997 0.497406 0.062012 0.052472
0 0.389780 0.474748 0.057242 0.033391
0 0.393358 0.512909 0.065987 0.051279
0 0.311868 0.522151 0.030211 0.022062
0 0.269731 0.540337 0.052472 0.035776
0 0.242701 0.504860 0.038161 0.025639
0 0.201359 0.504263 0.057242 0.037565
0 0.194602 0.477431 0.024646 0.019677
0 0.324986 0.459245 0.045316 0.026236
0 0.331743 0.495021 0.041341 0.041739
0 0.294377 0.497108 0.046111 0.037565
0 0.274502 0.472363 0.050881 0.051279
0 0.229980 0.471170 0.050881 0.032198
0 0.232763 0.446127 0.062807 0.020273
0 0.234750 0.427941 0.054062 0.029217
0 0.247868 0.418997 0.053267 0.036372
0 0.304315 0.421084 0.059627 0.038161
0 0.293582 0.375768 0.047701 0.047701
0 0.340091 0.384712 0.046906 0.048894
0 0.162403 0.451792 0.050881 0.032795
0 0.127820 0.486077 0.094608 0.066782
0 0.176714 0.418401 0.058832 0.042335
0 0.113509 0.413929 0.061217 0.048894
0 0.132590 0.369209 0.075527 0.062012
0 0.227993 0.371236 0.077117 0.051279
0 0.204540 0.335460 0.081092 0.036969
0 0.203745 0.303560 0.069962 0.030410
0 0.207322 0.272256 0.070757 0.051279
0 0.261781 0.271659 0.057242 0.041739
0 0.264166 0.309224 0.063602 0.046509
0 0.276092 0.330988 0.054062 0.033987
0 0.298750 0.250790 0.035776 0.029813
0 0.328166 0.269572 0.019876 0.017292
0 0.310278 0.275535 0.033391 0.025639
0 0.333333 0.303560 0.065192 0.039950
0 0.346451 0.265697 0.037366 0.023851
0 0.375072 0.284181 0.067577 0.040546
0 0.401705 0.257945 0.069962 0.051279
0 0.388190 0.209051 0.060422 0.045316
0 0.339296 0.229324 0.065987 0.051279
0 0.306700 0.704550 0.072347 0.040546
0 0.300737 0.649097 0.068372 0.042931
0 0.325383 0.663109 0.065192 0.055453
0 0.784906 0.478564 0.054062 0.036969
0 0.824658 0.515235 0.069962 0.038757
0 0.833005 0.489595 0.058037 0.030410
0 0.877924 0.505098 0.039751 0.029217
0 0.871962 0.538251 0.058037 0.032795
0 0.703814 0.408145 0.050881 0.035180
0 0.623119 0.375350 0.053267 0.037565
0 0.357025 0.345537 0.058832 0.037565
0 0.381671 0.374158 0.047701 0.041142
0 0.434142 0.364319 0.057242 0.035776
0 0.425795 0.326158 0.070757 0.048894
0 0.487409 0.308568 0.058832 0.066186
0 0.476676 0.390257 0.053267 0.035180
0 0.491781 0.368493 0.037366 0.028621
0 0.516427 0.358357 0.032596 0.017888
0 0.523185 0.348220 0.030211 0.011925
0 0.534315 0.327649 0.046111 0.033987
0 0.567309 0.323177 0.019876 0.019081
0 0.534713 0.290680 0.027826 0.038757
0 0.558563 0.292767 0.032596 0.034584
0 0.578836 0.298134 0.028621 0.033391
0 0.618588 0.351201 0.015900 0.015503
0 0.588774 0.351798 0.058037 0.033391
0 0.608252 0.325860 0.049291 0.029217
0 0.657941 0.324369 0.029416 0.021466
0 0.597122 0.305885 0.020671 0.019081
0 0.623755 0.294258 0.061217 0.053068
0 0.660326 0.282929 0.019876 0.023254
0 0.688152 0.287699 0.034186 0.022062
0 0.679407 0.306481 0.021466 0.019081
0 0.663506 0.363723 0.042136 0.052472
0 0.591474 0.222085 0.079414 0.050661
0 0.686406 0.248443 0.090368 0.058191
0 0.816937 0.301157 0.064809 0.055453
0 0.770840 0.294311 0.034687 0.029438
0 0.742087 0.298076 0.030123 0.027384
0 0.713334 0.300815 0.045640 0.043815
0 0.758061 0.322722 0.063896 0.039707
0 0.712421 0.348395 0.060245 0.037653
0 0.754410 0.357294 0.036512 0.019853
0 0.769928 0.390498 0.049291 0.041076
0 0.705119 0.377490 0.036512 0.034230
0 0.734785 0.380913 0.035599 0.032861
0 0.870482 0.395882 0.049291 0.037606
0 0.811418 0.347760 0.036544 0.028045
0 0.846687 0.346485 0.049291 0.035694
0 0.825015 0.381223 0.056940 0.042705
0 0.863684 0.367837 0.039093 0.032507
0 0.872182 0.462808 0.052691 0.037606
0 0.879831 0.435719 0.061189 0.030595
0 0.893004 0.472688 0.045042 0.048442