0 0.446396 0.503697 0.028753 0.020333
0 0.471452 0.468885 0.032861 0.020949
0 0.480900 0.489834 0.035326 0.028343
0 0.478435 0.515404 0.009037 0.008010
0 0.549497 0.450092 0.029575 0.022797
0 0.566749 0.422982 0.018074 0.015404
0 0.485418 0.440542 0.039433 0.030807
0 0.408195 0.440234 0.021360 0.015404
0 0.420928 0.412508 0.048470 0.036352
0 0.449682 0.421134 0.040255 0.035120
0 0.512939 0.427295 0.043541 0.033888
0 0.549497 0.399569 0.049291 0.035120
0 0.588108 0.402341 0.023003 0.019717
0 0.554015 0.371226 0.038612 0.020333
0 0.614397 0.373383 0.052578 0.039433
0 0.651777 0.345348 0.050113 0.033888
0 0.643151 0.396488 0.046005 0.036352
0 0.695728 0.399569 0.046005 0.044978
0 0.617683 0.428219 0.044362 0.028343
0 0.623023 0.450400 0.025467 0.023413
0 0.646026 0.446087 0.030396 0.027110
0 0.648490 0.463956 0.010680 0.012323
0 0.666975 0.430376 0.044362 0.027726
0 0.673547 0.450400 0.011501 0.011091
0 0.668618 0.461183 0.027932 0.017868
0 0.634935 0.471349 0.027932 0.020949
0 0.309201 0.396796 0.041898 0.029575
0 0.406141 0.352434 0.025467 0.032039
0 0.381906 0.345964 0.031218 0.024030
0 0.370405 0.366297 0.046005 0.035120
0 0.339187 0.375847 0.054221 0.036969
0 0.445163 0.337277 0.018074 0.013555
0 0.421339 0.332348 0.029575 0.023413
0 0.433251 0.354529 0.035326 0.030807
0 0.461594 0.325570 0.046005 0.029575
0 0.483775 0.373321 0.046005 0.025262
0 0.477203 0.348367 0.042719 0.029575
0 0.513761 0.357917 0.032039 0.037585
0 0.544157 0.344670 0.050113 0.033272
0 0.559355 0.329267 0.049291 0.028343
0 0.437770 0.445348 0.021360 0.013555
0 0.434483 0.457055 0.018074 0.008626
0 0.349045 0.437030 0.044362 0.026494
0 0.358493 0.416697 0.035326 0.016636
0 0.310023 0.425940 0.055042 0.035120
0 0.402033 0.742329 0.046827 0.022181
0 0.415999 0.717683 0.059971 0.043130
0 0.507599 0.728158 0.034504 0.033272
0 0.476792 0.721688 0.043541 0.048675
0 0.446396 0.673013 0.058328 0.042514
0 0.386835 0.690265 0.064079 0.036352
0 0.389300 0.658226 0.060793 0.032656
0 0.266071 0.636969 0.044362 0.045595
0 0.298110 0.602465 0.042719 0.028343
0 0.248408 0.506962 0.048470 0.039433
0 0.322756 0.527911 0.026289 0.027110
0 0.291538 0.518977 0.039433 0.027726
0 0.274286 0.534381 0.050934 0.026494
0 0.262785 0.568577 0.050934 0.043130
0 0.303040 0.559643 0.042719 0.043746
0 0.348634 0.620025 0.036969 0.025262
0 0.349045 0.585213 0.027932 0.017252
0 0.353153 0.598768 0.021360 0.016020
0 0.375334 0.597843 0.023003 0.022797
0 0.329739 0.647135 0.036969 0.043746
0 0.303040 0.649599 0.036147 0.038817
0 0.469398 0.630191 0.033682 0.024646
0 0.421339 0.606469 0.023003 0.017868
0 0.420518 0.580591 0.014787 0.011707
0 0.394640 0.618484 0.038612 0.036969
0 0.429965 0.620333 0.030396 0.028343
0 0.464058 0.574122 0.023003 0.028343
0 0.417231 0.550092 0.018074 0.012323
0 0.437770 0.570117 0.029575 0.036352
0 0.440645 0.544239 0.032039 0.017868
0 0.437770 0.529144 0.034504 0.023413
0 0.463237 0.526679 0.027932 0.019717
0 0.467755 0.548244 0.020538 0.011091
0 0.496098 0.566728 0.039433 0.025878
0 0.495276 0.611091 0.016430 0.016020
0 0.480900 0.606161 0.030396 0.016020
0 0.490758 0.592606 0.043541 0.022181
0 0.368762 0.538386 0.027932 0.018484
0 0.353153 0.531916 0.036147 0.028959
0 0.347813 0.508195 0.023824 0.016020
0 0.359725 0.498644 0.027932 0.017868
0 0.373280 0.508811 0.027110 0.024646
0 0.345348 0.490943 0.032039 0.017252
0 0.291538 0.481392 0.026289 0.015404
0 0.312076 0.496488 0.044362 0.027110
0 0.312487 0.477696 0.041898 0.024030
0 0.314541 0.457671 0.044362 0.029575
0 0.344527 0.461984 0.018895 0.011091
0 0.343080 0.483448 0.021658 0.031927
0 0.361751 0.468325 0.021658 0.022965
0 0.386396 0.484288 0.030620 0.021285
0 0.384156 0.458242 0.035101 0.028567
0 0.409548 0.467765 0.020165 0.022965
0 0.391998 0.525458 0.023899 0.020725
0 0.412536 0.529659 0.024646 0.020165
0 0.417390 0.512295 0.010456 0.012323
0 0.397972 0.502773 0.026886 0.025766
0 0.415523 0.494371 0.038089 0.023525
0 0.422991 0.482608 0.023152 0.015684
0 0.437181 0.473646 0.032114 0.021285
0 0.802311 0.620680 0.038836 0.046491
0 0.750406 0.629362 0.035101 0.022405
0 0.753393 0.606397 0.036595 0.028006
0 0.571165 0.689016 0.047051 0.036408
0 0.514031 0.687335 0.064228 0.045371
0 0.510297 0.650087 0.038836 0.025766
0 0.525607 0.633003 0.026139 0.017364
0 0.546145 0.637764 0.028380 0.025766
0 0.642861 0.685935 0.066469 0.043690
0 0.658545 0.662690 0.020165 0.015124
0 0.593570 0.598947 0.017177 0.010642
0 0.576019 0.615191 0.020912 0.014003
0 0.603279 0.570100 0.015684 0.008962
0 0.578633 0.523609 0.015684 0.013443
0 0.550626 0.474318 0.022405 0.013443
0 0.519633 0.471517 0.024646 0.014563
0 0.721279 0.532852 0.017177 0.011763
0 0.669374 0.500644 0.017924 0.011203
0 0.671988 0.489442 0.020165 0.013443
0 0.688418 0.490282 0.018671 0.016244
0 0.704475 0.495323 0.020912 0.017364
0 0.706716 0.477679 0.023899 0.020165
0 0.682444 0.477959 0.030620 0.018484
0 0.696260 0.449112 0.037342 0.039209
0 0.748166 0.483280 0.030620 0.022405
0 0.777292 0.495323 0.050038 0.033048
0 0.735096 0.472918 0.040329 0.028567
0 0.752273 0.457514 0.037342 0.032488
0 0.782894 0.463956 0.055266 0.029687
0 0.742564 0.425251 0.032861 0.038089
0 0.781400 0.428051 0.046304 0.038089
0 0.615601 0.611494 0.040329 0.024086
0 0.602532 0.663306 0.035101 0.023525
0 0.596184 0.645382 0.037342 0.028006
0 0.579753 0.636140 0.035848 0.025206
0 0.553987 0.611214 0.030620 0.020165
0 0.560709 0.600011 0.027633 0.012323
0 0.558468 0.584888 0.030620 0.019044
0 0.538677 0.591609 0.028380 0.023525
0 0.518139 0.612334 0.035101 0.031367
0 0.521126 0.568084 0.012696 0.008962
0 0.543905 0.568924 0.025393 0.019605
0 0.532329 0.541758 0.017177 0.012323
0 0.528968 0.556601 0.025393 0.018484
0 0.487145 0.538117 0.013443 0.015124
0 0.507683 0.539517 0.038089 0.020165
0 0.533449 0.522433 0.025393 0.021845
0 0.502082 0.503109 0.026886 0.014563
0 0.504696 0.520473 0.035101 0.019044
0 0.514778 0.488265 0.029874 0.021845
0 0.557721 0.503893 0.032114 0.013443
0 0.546892 0.510334 0.028380 0.018484
0 0.551373 0.541590 0.028380 0.024086
0 0.577886 0.542710 0.024646 0.022965
0 0.570044 0.570156 0.026886 0.021845
0 0.590582 0.583319 0.027633 0.020165
0 0.688418 0.572677 0.030620 0.020165
0 0.752273 0.575478 0.043317 0.024646
0 0.787001 0.542710 0.064975 0.049852
0 0.683937 0.657537 0.053026 0.037529
0 0.713064 0.641293 0.038089 0.033048
0 0.675722 0.628970 0.038089 0.019605
0 0.680950 0.616087 0.015684 0.012883
0 0.648836 0.646614 0.033608 0.029127
0 0.626057 0.641293 0.029874 0.027446
0 0.639874 0.629530 0.024646 0.016244
0 0.643235 0.617207 0.017924 0.010642
0 0.691032 0.597603 0.014937 0.010642
0 0.704102 0.592561 0.014190 0.011763
0 0.662652 0.611046 0.035848 0.017364
0 0.670868 0.596482 0.028380 0.017364
0 0.692899 0.591721 0.014190 0.008962
0 0.712691 0.608805 0.052279 0.034168
0 0.644728 0.600403 0.041823 0.025206
0 0.614108 0.585280 0.016430 0.012883
0 0.627924 0.579398 0.029127 0.020165
0 0.646969 0.583879 0.013443 0.007842
0 0.639500 0.563155 0.011949 0.012323
0 0.663399 0.570156 0.011949 0.011763
0 0.643235 0.573237 0.011949 0.008962
0 0.652570 0.572677 0.014190 0.011203
0 0.599918 0.561026 0.020912 0.014563
0 0.603279 0.546743 0.027633 0.017364
0 0.622323 0.562146 0.023899 0.015684
0 0.626431 0.549824 0.020165 0.014563
0 0.646595 0.557385 0.017177 0.015124
0 0.632405 0.536380 0.020165 0.016804
0 0.617842 0.526018 0.019418 0.020725
0 0.632032 0.520977 0.017924 0.015124
0 0.648462 0.513415 0.017924 0.021285
0 0.632032 0.511455 0.022405 0.021845
0 0.601038 0.523217 0.033608 0.020725
0 0.582741 0.509214 0.028380 0.016244
0 0.597304 0.504453 0.015684 0.015684
0 0.612988 0.499972 0.018671 0.016804
0 0.623070 0.489890 0.028380 0.015684
0 0.646222 0.491010 0.017924 0.022405
0 0.659665 0.480648 0.026886 0.020725
0 0.549259 0.488326 0.036320 0.022862
0 0.571959 0.488326 0.012971 0.008269
0 0.581039 0.491731 0.023349 0.014106
0 0.599199 0.488083 0.015566 0.014593
0 0.601469 0.477138 0.021403 0.011188
0 0.591092 0.459626 0.036969 0.023835
0 0.575526 0.476895 0.030483 0.023349
0 0.695436 0.556614 0.025278 0.014219
0 0.700175 0.541684 0.023382 0.015641
0 0.712498 0.524622 0.026542 0.020380
0 0.690696 0.532442 0.019590 0.014219
0 0.694488 0.519645 0.020854 0.011375
0 0.675530 0.528651 0.022118 0.012323
0 0.646460 0.544528 0.018326 0.015641
0 0.656255 0.531968 0.020222 0.017062
0 0.669842 0.546661 0.029701 0.025594
0 0.680901 0.512299 0.036653 0.023224
0 0.757998 0.520119 0.069514 0.052135
0 0.726401 0.557799 0.046764 0.033651
0 0.378896 0.582587 0.030965 0.026542
0 0.369101 0.561970 0.035389 0.028911
0 0.395959 0.573819 0.034757 0.036495