0 0.499985 0.478622 0.009893 0.007884
0 0.538938 0.464478 0.017313 0.013912
0 0.559961 0.468651 0.025969 0.014840
0 0.417343 0.572909 0.023794 0.016119
0 0.375511 0.612112 0.024562 0.015543
0 0.328690 0.688389 0.021492 0.017270
0 0.314873 0.710264 0.018422 0.010362
0 0.371289 0.734730 0.019189 0.014392
0 0.368865 0.526711 0.033389 0.018364
0 0.345492 0.558431 0.028937 0.018364
0 0.311547 0.534641 0.047858 0.035893
0 0.283723 0.500835 0.058987 0.036728
0 0.211380 0.481219 0.045632 0.039232
0 0.281497 0.456177 0.058987 0.034224
0 0.281497 0.476628 0.034502 0.013356
0 0.258681 0.411519 0.066778 0.043406
0 0.305426 0.394825 0.051196 0.036728
0 0.319338 0.373957 0.038954 0.023372
0 0.233083 0.608097 0.040067 0.029215
0 0.199694 0.573873 0.022259 0.022538
0 0.218614 0.559683 0.028937 0.017529
0 0.206928 0.526294 0.032276 0.020868
0 0.230857 0.530467 0.022259 0.017529
0 0.211380 0.594741 0.025598 0.024207
0 0.245882 0.570117 0.043406 0.028381
0 0.262577 0.540067 0.038954 0.031720
0 0.280384 0.582638 0.045632 0.043406
0 0.258125 0.663606 0.038954 0.030050
0 0.304869 0.693239 0.032276 0.034224
0 0.391124 0.742905 0.040067 0.033389
0 0.431747 0.727880 0.030050 0.016694
0 0.346049 0.709516 0.045632 0.043406
0 0.380551 0.697412 0.027824 0.015860
0 0.502977 0.729967 0.058987 0.045910
0 0.531358 0.707429 0.022259 0.024207
0 0.567529 0.699082 0.036728 0.025876
0 0.515005 0.623897 0.019079 0.016694
0 0.454985 0.631648 0.018284 0.015502
0 0.481616 0.620320 0.034979 0.023849
0 0.435905 0.676067 0.031004 0.018483
0 0.436303 0.700811 0.047699 0.032197
0 0.393374 0.676664 0.041339 0.026830
0 0.412056 0.662354 0.008745 0.008943
0 0.374294 0.655199 0.017489 0.011328
0 0.404106 0.625686 0.032594 0.025042
0 0.379064 0.637610 0.031799 0.022657
0 0.398144 0.651324 0.031799 0.025042
0 0.426763 0.601836 0.031799 0.031004
0 0.399734 0.595278 0.031799 0.026234
0 0.373897 0.586334 0.031004 0.034581
0 0.341700 0.586931 0.041339 0.028619
0 0.472871 0.556523 0.047699 0.031004
0 0.428750 0.537443 0.026234 0.029812
0 0.409671 0.532972 0.023054 0.024446
0 0.396554 0.542809 0.041339 0.041736
0 0.398144 0.484677 0.058828 0.039948
0 0.413646 0.453673 0.034184 0.023253
0 0.380257 0.460231 0.029414 0.018483
0 0.340508 0.473945 0.029414 0.018483
0 0.318249 0.482888 0.035774 0.030408
0 0.338123 0.457846 0.035774 0.024446
0 0.340508 0.424756 0.046904 0.038159
0 0.377474 0.415812 0.041339 0.034581
0 0.381847 0.445922 0.019874 0.012521
0 0.394566 0.437575 0.016694 0.012521
0 0.417621 0.423563 0.032594 0.016694
0 0.423980 0.402695 0.040544 0.026234
0 0.402119 0.394050 0.041339 0.030408
0 0.384629 0.380038 0.034979 0.010732
0 0.552767 0.562187 0.043724 0.031600
0 0.603645 0.557417 0.031004 0.026830
0 0.639021 0.562485 0.038159 0.032197
0 0.739188 0.461722 0.047699 0.036966
0 0.706594 0.413427 0.055648 0.045314
0 0.592913 0.385404 0.025439 0.013117
0 0.555151 0.629859 0.032594 0.028619
0 0.497118 0.586036 0.034184 0.031600
0 0.468897 0.587527 0.031799 0.027427
0 0.452600 0.583949 0.029414 0.028619
0 0.589733 0.609587 0.042929 0.021464
0 0.626699 0.612867 0.019874 0.011328
0 0.595298 0.586931 0.034979 0.023849
0 0.625904 0.595874 0.037364 0.022657
0 0.712159 0.568746 0.044519 0.036370
0 0.687515 0.583353 0.036569 0.031004
0 0.707389 0.598855 0.015900 0.014310
0 0.763833 0.570832 0.049288 0.027427
0 0.764230 0.601240 0.035774 0.033389
0 0.736406 0.601538 0.034184 0.036370
0 0.668435 0.607799 0.038159 0.033389
0 0.699440 0.617935 0.019079 0.023849
0 0.726866 0.628667 0.029414 0.017887
0 0.644586 0.641486 0.030209 0.023253
0 0.670423 0.648641 0.038954 0.032793
0 0.708184 0.647448 0.042929 0.033985
0 0.716532 0.679645 0.043724 0.041140
0 0.644586 0.681433 0.030209 0.033985
0 0.675988 0.680837 0.035774 0.030408
0 0.611595 0.671894 0.048494 0.037563
0 0.464524 0.494455 0.050083 0.036370
0 0.476846 0.468817 0.041339 0.026830
0 0.484796 0.442285 0.038159 0.026234
0 0.499901 0.489089 0.020669 0.013713
0 0.521762 0.484319 0.037364 0.026830
0 0.553164 0.488493 0.034979 0.028023
0 0.569858 0.501610 0.038159 0.026830
0 0.510633 0.523969 0.019874 0.016694
0 0.530110 0.528440 0.041339 0.035178
0 0.576218 0.537384 0.030209 0.028023
0 0.594105 0.527844 0.026234 0.020868
0 0.658498 0.524863 0.065983 0.032793
0 0.636636 0.483425 0.022259 0.015502
0 0.630277 0.460470 0.027029 0.026830
0 0.630277 0.436024 0.020669 0.014906
0 0.517390 0.361793 0.031799 0.020272
0 0.470487 0.374016 0.038159 0.024446
0 0.440277 0.331386 0.025439 0.017887
0 0.412056 0.329895 0.024644 0.013713
0 0.410068 0.343907 0.031799 0.021464
0 0.349253 0.364477 0.029414 0.024446
0 0.354023 0.340031 0.054853 0.026830
0 0.379064 0.361495 0.041339 0.031600
0 0.489566 0.325721 0.074728 0.037563
0 0.547997 0.323635 0.042134 0.027427
0 0.545214 0.416945 0.031799 0.025638
0 0.439880 0.653470 0.032594 0.023849
0 0.474461 0.668078 0.027029 0.019676
0 0.480424 0.687455 0.032594 0.027427
0 0.504670 0.690735 0.014310 0.012521
0 0.480424 0.639459 0.029414 0.024446
0 0.504273 0.649595 0.053263 0.023253
0 0.505068 0.673742 0.023054 0.020272
0 0.560716 0.660327 0.035774 0.019676
0 0.552369 0.670165 0.027029 0.026234
0 0.531700 0.669866 0.031799 0.024446
0 0.596093 0.633496 0.044519 0.022061
0 0.605632 0.725912 0.085857 0.047102
0 0.287245 0.640055 0.037364 0.038755
0 0.319441 0.632006 0.034979 0.039351
0 0.339316 0.638862 0.039749 0.045910
0 0.604440 0.513236 0.013515 0.016694
0 0.614377 0.507572 0.012720 0.016098
0 0.633457 0.501908 0.033389 0.022657
0 0.672808 0.496840 0.040544 0.017291
0 0.665256 0.481338 0.041339 0.023253
0 0.604837 0.458681 0.014310 0.007751
0 0.581386 0.455700 0.035774 0.026830
0 0.608017 0.475078 0.038159 0.026234
0 0.530110 0.435428 0.036569 0.028023
0 0.642599 0.421774 0.015105 0.013117
0 0.597285 0.353804 0.027824 0.020272
0 0.479629 0.418793 0.058033 0.035774
0 0.560319 0.380336 0.039749 0.028023
0 0.643791 0.346947 0.054058 0.031600
0 0.670820 0.432507 0.023849 0.010732
0 0.664858 0.417303 0.027824 0.019676
0 0.664063 0.451288 0.050083 0.037563
0 0.589335 0.431910 0.054853 0.026234
0 0.462537 0.396435 0.028619 0.018483
0 0.486386 0.385106 0.019079 0.017291
0 0.515005 0.387789 0.041339 0.031004
0 0.442662 0.357978 0.054058 0.035774
0 0.580193 0.340389 0.074728 0.049487
0 0.647766 0.399714 0.042929 0.035774
0 0.637829 0.379144 0.064393 0.036370
0 0.573436 0.411042 0.029414 0.019079
0 0.604440 0.406272 0.038954 0.032197
0 0.569064 0.395242 0.034979 0.019676
0 0.513415 0.455461 0.041339 0.026830