0 0.545648 0.689777 0.069397 0.058922
0 0.266097 0.654915 0.065469 0.059904
0 0.230744 0.569970 0.057612 0.039281
0 0.279845 0.518413 0.074634 0.054012
0 0.395070 0.452617 0.074634 0.054012
0 0.507021 0.508102 0.060231 0.047137
0 0.341386 0.580772 0.058922 0.041245
0 0.384595 0.592065 0.053684 0.042227
0 0.360372 0.544928 0.060231 0.042227
0 0.479525 0.541000 0.052375 0.038299
0 0.438934 0.511048 0.041900 0.023569
0 0.431733 0.532652 0.053684 0.035353
0 0.387869 0.664244 0.062850 0.047137
0 0.471014 0.659825 0.030116 0.020623
0 0.463812 0.709418 0.086419 0.058922
0 0.439501 0.684184 0.064842 0.037744
0 0.456921 0.633737 0.055164 0.031211
0 0.433694 0.618858 0.055164 0.039196
0 0.313203 0.401466 0.071617 0.044277
0 0.722581 0.572403 0.058068 0.053713
0 0.702741 0.471148 0.066778 0.052987
0 0.622414 0.462074 0.070649 0.052261
0 0.550313 0.368730 0.046454 0.037744
0 0.563862 0.344052 0.034841 0.018872
0 0.322397 0.371634 0.031937 0.026131
0 0.366916 0.362561 0.051293 0.023953
0 0.386272 0.345866 0.059036 0.026856
0 0.587090 0.554910 0.058068 0.042825
0 0.563862 0.525514 0.058068 0.055164
0 0.435629 0.565435 0.033873 0.018872
0 0.454985 0.575960 0.045486 0.029760
0 0.479180 0.581767 0.039680 0.025405
0 0.469986 0.605357 0.048390 0.033389