0 0.257886 0.513839 0.069121 0.052719
0 0.381484 0.681662 0.067950 0.045690
0 0.652110 0.613566 0.051548 0.041297
0 0.687257 0.523943 0.063263 0.055355
0 0.638052 0.354802 0.089037 0.065021
0 0.406672 0.298568 0.080836 0.057991
0 0.474036 0.431684 0.084351 0.055355
0 0.450019 0.507688 0.073807 0.050962
0 0.491609 0.570073 0.065606 0.047448
0 0.556629 0.582374 0.062092 0.049205
0 0.568931 0.544153 0.035146 0.028996
0 0.518732 0.546395 0.047391 0.037697
0 0.465668 0.542385 0.035244 0.024114
0 0.507404 0.508996 0.043282 0.034316
0 0.497511 0.468651 0.028442 0.019477
0 0.529664 0.458449 0.054412 0.039881
0 0.577274 0.459377 0.035862 0.030607
0 0.538938 0.488592 0.051938 0.033389
0 0.641579 0.433176 0.060595 0.038490
0 0.615919 0.577629 0.063686 0.051011
0 0.775824 0.528224 0.057735 0.047475
0 0.784519 0.484140 0.055648 0.039649
0 0.761912 0.441882 0.071647 0.057387
0 0.614828 0.526219 0.065066 0.035529
0 0.659918 0.465434 0.066207 0.045803
0 0.609406 0.489405 0.071344 0.047515