0 0.202990 0.553574 0.068802 0.059948
0 0.276344 0.486037 0.067790 0.056913
0 0.329463 0.491729 0.068802 0.045530
0 0.314792 0.591896 0.053625 0.042495
0 0.338063 0.550159 0.071837 0.045530
0 0.321369 0.530430 0.070825 0.034907
0 0.427101 0.621870 0.067790 0.062984
0 0.469596 0.614281 0.043507 0.052360
0 0.428618 0.531947 0.068802 0.044013
0 0.435195 0.483381 0.063743 0.045530
0 0.401300 0.499317 0.052613 0.042495
0 0.509561 0.539536 0.062731 0.059190
0 0.492867 0.648809 0.043507 0.027318
0 0.518667 0.692063 0.074872 0.051601
0 0.584434 0.676127 0.062731 0.050083
0 0.560657 0.629458 0.059695 0.043254
0 0.524079 0.614015 0.054792 0.046231
0 0.578871 0.537391 0.061641 0.055648
0 0.609121 0.507855 0.053651 0.042806
0 0.571848 0.453163 0.061831 0.057503
0 0.631206 0.449453 0.061831 0.051938
0 0.559482 0.354851 0.074198 0.061213
0 0.704252 0.586950 0.069560 0.047301
0 0.669936 0.562604 0.054721 0.036171
0 0.666690 0.538954 0.057503 0.033389
0 0.643967 0.382999 0.039881 0.047301
0 0.604549 0.375348 0.059358 0.061213
0 0.678283 0.498817 0.056576 0.046605
0 0.643708 0.496554 0.022830 0.029108
0 0.739024 0.546209 0.046802 0.052224
0 0.711913 0.534866 0.023401 0.020975