0 0.270513 0.483213 0.065129 0.058740
0 0.279169 0.589254 0.069251 0.045755
0 0.359962 0.600074 0.065954 0.052557
0 0.423442 0.699932 0.052763 0.033389
0 0.408603 0.724974 0.037923 0.020404
0 0.598631 0.728374 0.070076 0.044519
0 0.658814 0.708588 0.042045 0.019786
0 0.667883 0.677982 0.066778 0.051320
0 0.590387 0.618314 0.070076 0.049465
0 0.707867 0.559575 0.069251 0.053175
0 0.761866 0.511346 0.048641 0.037099
0 0.730951 0.430965 0.069251 0.053175
0 0.655929 0.496197 0.057709 0.045137
0 0.609761 0.478885 0.051114 0.041427
0 0.632845 0.530514 0.061007 0.040809
0 0.565242 0.536388 0.051114 0.035244
0 0.552876 0.558338 0.042870 0.021023
0 0.514128 0.526495 0.051114 0.036481
0 0.407366 0.508254 0.056885 0.037099
0 0.487335 0.559884 0.056885 0.048847
0 0.461366 0.378903 0.064305 0.050702
0 0.545044 0.361590 0.079969 0.046992
0 0.562769 0.390960 0.062656 0.034007
0 0.609349 0.412292 0.061831 0.045755
0 0.533502 0.411055 0.035450 0.023496
0 0.426740 0.536882 0.061007 0.052557
0 0.561120 0.504730 0.029679 0.015458
0 0.542571 0.492364 0.042045 0.031534
0 0.519899 0.484635 0.049465 0.025969
0 0.526083 0.462994 0.050290 0.032152
0 0.566479 0.455265 0.048641 0.036481
0 0.547517 0.438632 0.058534 0.033389