0 0.337959 0.604654 0.084864 0.061561
0 0.500730 0.731427 0.073734 0.056344
0 0.757408 0.589524 0.069560 0.060518
0 0.522990 0.588481 0.084864 0.054257
0 0.380391 0.534745 0.066778 0.036519
0 0.281615 0.487270 0.072343 0.056344
0 0.316395 0.405885 0.061213 0.052170
0 0.477080 0.377713 0.054257 0.039649
0 0.392912 0.442926 0.069560 0.044866
0 0.508382 0.463794 0.038954 0.026085
0 0.749757 0.403798 0.070952 0.047997
0 0.285733 0.444245 0.050226 0.039382
0 0.381048 0.500963 0.062783 0.039810
0 0.448968 0.534138 0.038811 0.026540
0 0.489206 0.550190 0.054221 0.032105
0 0.522595 0.550833 0.026255 0.020547
0 0.538576 0.514019 0.042236 0.035957
0 0.496911 0.520440 0.047943 0.033389
0 0.585663 0.533924 0.065636 0.047515
0 0.593939 0.498823 0.038811 0.020975
0 0.551418 0.476992 0.049655 0.033817
0 0.587946 0.467146 0.057646 0.044091
0 0.537149 0.433543 0.059929 0.047087
0 0.487779 0.419845 0.060500 0.046231
0 0.450680 0.457515 0.052509 0.035957
0 0.407588 0.495612 0.025684 0.021403
0 0.442689 0.494542 0.066207 0.046659
0 0.467232 0.481700 0.034245 0.008989