0 0.575856 0.693865 0.082081 0.060518
0 0.411693 0.708472 0.076516 0.056344
0 0.313613 0.664128 0.066778 0.046953
0 0.351720 0.694290 0.051642 0.046077
0 0.773756 0.599466 0.081914 0.059432
0 0.496850 0.643539 0.055203 0.043406
0 0.651686 0.388381 0.066778 0.050751
0 0.412176 0.349316 0.061436 0.038063
0 0.311119 0.538965 0.058765 0.038063
0 0.378787 0.614758 0.069449 0.052087
0 0.511898 0.594391 0.038286 0.027379
0 0.598709 0.552988 0.062326 0.059432
0 0.542170 0.489883 0.063216 0.050751
0 0.453133 0.475192 0.064997 0.037396
0 0.497652 0.480200 0.027602 0.027379
0 0.433100 0.534624 0.035615 0.028047
0 0.371219 0.538965 0.066778 0.048748
0 0.399711 0.507579 0.066778 0.047412
0 0.459811 0.508247 0.048080 0.031386
0 0.503884 0.521937 0.048971 0.029382
0 0.506555 0.555659 0.048971 0.036728
0 0.547958 0.543306 0.023150 0.018698
0 0.538609 0.567346 0.050751 0.042738
0 0.452243 0.638130 0.061436 0.038731
0 0.451352 0.614424 0.038286 0.011352
0 0.419744 0.576027 0.053422 0.038731
0 0.455359 0.589048 0.067668 0.051419