0 0.242804 0.476753 0.044280 0.044280
0 0.260517 0.434317 0.046248 0.034686
0 0.291513 0.468635 0.062977 0.060517
0 0.318573 0.394465 0.052153 0.039114
0 0.324969 0.440959 0.064945 0.059779
0 0.352030 0.411070 0.048216 0.028044
0 0.376630 0.421771 0.032472 0.021402
0 0.368758 0.401476 0.052153 0.029520
0 0.351046 0.376384 0.056089 0.042804
0 0.387454 0.374539 0.048216 0.043542
0 0.415006 0.397417 0.046248 0.027306
0 0.431242 0.366421 0.080689 0.049446
0 0.416974 0.339483 0.046248 0.032472
0 0.460763 0.329889 0.055105 0.025092
0 0.475523 0.352768 0.043296 0.032472
0 0.516434 0.341841 0.075851 0.037925
0 0.541035 0.359522 0.036217 0.016913
0 0.490467 0.370797 0.033484 0.017938
0 0.485001 0.395654 0.034850 0.020500
0 0.520534 0.387454 0.079951 0.057401
0 0.558460 0.378741 0.035534 0.026650
0 0.578277 0.366441 0.045100 0.025625
0 0.599460 0.341841 0.091568 0.038950
0 0.627477 0.366441 0.024600 0.014350
0 0.606294 0.376435 0.028700 0.029213
0 0.586477 0.382585 0.019134 0.018963
0 0.576910 0.395398 0.031434 0.025113
0 0.606294 0.405648 0.041000 0.023063
0 0.584427 0.411285 0.028700 0.026138
0 0.434092 0.414360 0.045100 0.035363
0 0.465184 0.421279 0.037584 0.041000
0 0.497301 0.424610 0.036217 0.037413
0 0.513701 0.416667 0.019817 0.013325
0 0.450150 0.446904 0.032117 0.020500
0 0.410175 0.441011 0.046467 0.032288
0 0.441267 0.471248 0.021184 0.015888
0 0.374641 0.453823 0.042367 0.037413
0 0.392750 0.470992 0.044417 0.032800
0 0.419400 0.463561 0.034850 0.018963
0 0.420767 0.485599 0.036217 0.026138
0 0.377375 0.493799 0.056034 0.042538
0 0.490809 0.472530 0.056034 0.055351
0 0.523951 0.451261 0.021184 0.013838
0 0.535226 0.433067 0.049200 0.044075
0 0.569393 0.453055 0.042367 0.033825
0 0.533860 0.467405 0.051934 0.028700
0 0.542060 0.502511 0.020500 0.013838
0 0.518484 0.497642 0.053984 0.030750
0 0.572810 0.425636 0.025967 0.019988
0 0.597068 0.429992 0.033484 0.026650
0 0.623719 0.427173 0.034850 0.026138
0 0.598777 0.391554 0.021867 0.015375
0 0.624402 0.387710 0.026650 0.028188
0 0.664377 0.390529 0.068334 0.051251
0 0.717336 0.409748 0.060817 0.041513
0 0.660277 0.423842 0.034167 0.024600
0 0.638411 0.440498 0.039634 0.031263
0 0.590577 0.449979 0.027334 0.021525
0 0.608002 0.460486 0.037584 0.038438
0 0.635677 0.463048 0.024600 0.023063
0 0.651052 0.462792 0.032117 0.022550
0 0.675653 0.452542 0.055351 0.050226
0 0.703328 0.474580 0.024600 0.020500
0 0.714945 0.460486 0.042367 0.027163
0 0.754920 0.487392 0.040317 0.039975
0 0.726561 0.488161 0.036900 0.029213
0 0.708453 0.497130 0.025284 0.023575
0 0.686244 0.496874 0.032800 0.026138
0 0.653786 0.482524 0.053984 0.032288
0 0.610735 0.491749 0.048517 0.029213
0 0.610052 0.508405 0.030750 0.016400
0 0.576568 0.502511 0.048517 0.028188
0 0.573152 0.480217 0.044417 0.026650
0 0.510284 0.523780 0.037584 0.023575
0 0.608002 0.530443 0.017084 0.015375
0 0.625085 0.533262 0.028017 0.026138
0 0.667111 0.526855 0.047834 0.033825
0 0.700595 0.516861 0.031434 0.024088
0 0.730320 0.508405 0.034850 0.027675
0 0.744328 0.520705 0.030067 0.020500
0 0.696153 0.538899 0.014350 0.015888
0 0.733395 0.540949 0.038267 0.033313
0 0.762095 0.578106 0.047834 0.035875
0 0.783620 0.552481 0.047150 0.044075
0 0.698544 0.557093 0.019134 0.012300
0 0.713578 0.571443 0.030067 0.029725
0 0.682828 0.570931 0.047834 0.041000
0 0.704695 0.595787 0.038267 0.028188
0 0.765853 0.624744 0.053984 0.061501
0 0.729295 0.641144 0.056034 0.051251
0 0.666086 0.638069 0.045784 0.037925
0 0.608002 0.587843 0.021184 0.014350
0 0.616202 0.599631 0.019817 0.017425
0 0.632602 0.583487 0.019817 0.016913
0 0.642852 0.585793 0.014350 0.015375
0 0.659936 0.588100 0.019817 0.014863
0 0.645586 0.611931 0.059451 0.047150
0 0.602535 0.605525 0.025284 0.013838
0 0.611419 0.629356 0.019817 0.012300
0 0.607319 0.616287 0.018450 0.016913
0 0.596385 0.622694 0.017084 0.011275
0 0.622694 0.642681 0.035534 0.023575
0 0.597410 0.640375 0.034167 0.025113
0 0.643536 0.562474 0.037584 0.031263
0 0.590577 0.547099 0.071067 0.033313
0 0.552310 0.531980 0.023234 0.014350
0 0.541376 0.518911 0.036900 0.026138
0 0.520876 0.542743 0.045100 0.022550
0 0.507893 0.555043 0.030067 0.021525
0 0.503793 0.569137 0.030067 0.021013
0 0.526001 0.559143 0.029384 0.021525
0 0.552993 0.557349 0.043734 0.028188
0 0.548893 0.572981 0.013667 0.008200
0 0.538985 0.581950 0.036217 0.024088
0 0.540010 0.593737 0.015033 0.014863
0 0.554701 0.604244 0.034850 0.026650
0 0.575202 0.588100 0.047150 0.029213
0 0.590235 0.575543 0.038950 0.022550
0 0.538985 0.625513 0.021184 0.016913
0 0.568710 0.631919 0.043734 0.042025
0 0.530101 0.646525 0.017084 0.014863
0 0.523609 0.658569 0.019134 0.012300
0 0.619619 0.668307 0.044417 0.044075
0 0.590577 0.663950 0.035534 0.033313
0 0.709478 0.680863 0.036900 0.034338
0 0.679411 0.691882 0.058767 0.056376
0 0.632944 0.712126 0.066967 0.047663
0 0.567685 0.707770 0.043050 0.034850
0 0.538643 0.674713 0.082001 0.047663
0 0.479876 0.695726 0.049200 0.038438
0 0.497984 0.642425 0.055351 0.051763
0 0.509601 0.602962 0.055351 0.026138
0 0.502768 0.585281 0.041684 0.016400
0 0.473726 0.564524 0.045100 0.033313
0 0.473384 0.530187 0.048517 0.041513
0 0.441950 0.529930 0.044417 0.031775
0 0.430333 0.553249 0.040317 0.032288
0 0.431358 0.593481 0.021867 0.021525
0 0.450492 0.587075 0.049200 0.032288
0 0.466550 0.609625 0.022550 0.030238
0 0.447417 0.609625 0.030750 0.027163
0 0.435117 0.651394 0.032117 0.039975
0 0.407100 0.651907 0.037584 0.038950
0 0.414275 0.622437 0.042367 0.032288
0 0.391383 0.616800 0.048517 0.028188
0 0.390016 0.572468 0.059451 0.066626
0 0.535226 0.721863 0.065601 0.051763
0 0.427600 0.733907 0.059451 0.042025
0 0.399583 0.696238 0.079951 0.053813
0 0.340816 0.688294 0.048517 0.038950
0 0.375325 0.668050 0.057401 0.033313
0 0.358924 0.639863 0.062867 0.040488
0 0.308016 0.591943 0.052617 0.041000
0 0.345599 0.576312 0.045784 0.038438
0 0.303916 0.540949 0.086784 0.060988