0 0.487508 0.559968 0.073807 0.046569
0 0.312948 0.650031 0.071464 0.061506
0 0.372697 0.680344 0.071464 0.048326
0 0.354538 0.610931 0.032803 0.034268
0 0.327007 0.465513 0.052719 0.047448
0 0.310605 0.373254 0.071464 0.049205
0 0.424245 0.382919 0.080836 0.042176
0 0.510939 0.483086 0.052719 0.054477
0 0.452362 0.505492 0.059749 0.043054
0 0.351609 0.552060 0.076150 0.058870
0 0.377383 0.571830 0.062092 0.038661
0 0.406086 0.606098 0.060920 0.036904
0 0.406086 0.644319 0.065606 0.037782
0 0.536127 0.715491 0.060920 0.043054
0 0.523240 0.602144 0.063263 0.053598
0 0.577131 0.606977 0.056234 0.042176
0 0.618721 0.556893 0.066778 0.047448
0 0.648596 0.589843 0.065606 0.050083
0 0.721231 0.493190 0.077322 0.048326
0 0.722403 0.535805 0.074979 0.038661
0 0.731775 0.564362 0.056234 0.028996
0 0.604663 0.719445 0.066778 0.042176
0 0.600562 0.690449 0.028117 0.019330
0 0.542571 0.676390 0.062092 0.038661
0 0.567173 0.660135 0.057406 0.041297
0 0.622236 0.651349 0.057406 0.046569
0 0.607786 0.626172 0.028252 0.021831
0 0.473802 0.468858 0.054792 0.042378
0 0.445122 0.424554 0.060785 0.047515
0 0.404456 0.432901 0.061641 0.042378
0 0.389046 0.456980 0.066778 0.048157