0 0.473485 0.721546 0.074634 0.043700
0 0.610969 0.700923 0.069397 0.048610
0 0.619480 0.641265 0.072015 0.052048
0 0.771146 0.588660 0.023849 0.022061
0 0.740540 0.582399 0.051673 0.040544
0 0.490520 0.618769 0.060418 0.040544
0 0.307278 0.594622 0.078703 0.050680
0 0.523909 0.600584 0.074728 0.047102
0 0.548553 0.554376 0.062008 0.042929
0 0.501650 0.535893 0.047699 0.033389
0 0.278261 0.533508 0.082677 0.063201
0 0.312445 0.515621 0.054058 0.045314
0 0.343052 0.533806 0.031004 0.023253
0 0.334705 0.476866 0.066778 0.044121
0 0.346232 0.385523 0.069163 0.048891
0 0.451566 0.357501 0.054058 0.033389
0 0.520332 0.389697 0.069163 0.050083
0 0.490917 0.447830 0.061213 0.043525
0 0.443219 0.436501 0.058033 0.044717
0 0.428909 0.469294 0.058033 0.035178
0 0.612946 0.468400 0.063598 0.051276
0 0.758427 0.449320 0.071548 0.050083
0 0.720665 0.410565 0.032594 0.020272
0 0.683302 0.406690 0.070753 0.045910
0 0.538218 0.503279 0.033389 0.029215
0 0.508407 0.496423 0.050083 0.039351
0 0.467863 0.505664 0.034184 0.018483
0 0.455541 0.516694 0.041339 0.028619
0 0.445206 0.539649 0.033389 0.029215
0 0.414600 0.534880 0.037364 0.036370
0 0.400290 0.502981 0.046904 0.032197
0 0.376043 0.523849 0.047699 0.040544