0 0.270760 0.442331 0.049200 0.036900
0 0.308607 0.464566 0.049200 0.038793
0 0.278014 0.487747 0.075062 0.055824
0 0.233545 0.516605 0.050462 0.045416
0 0.294099 0.545227 0.054247 0.036427
0 0.336046 0.507853 0.056139 0.030750
0 0.337938 0.480414 0.042262 0.031696
0 0.337623 0.442804 0.056770 0.041631
0 0.377046 0.461964 0.037216 0.030750
0 0.372000 0.479941 0.048570 0.030750
0 0.393762 0.396206 0.046677 0.038320
0 0.418362 0.422935 0.059293 0.036900
0 0.435077 0.449191 0.061185 0.038320
0 0.417100 0.462674 0.050462 0.036900
0 0.465985 0.478049 0.042262 0.033589
0 0.412370 0.488693 0.028385 0.022708
0 0.430031 0.502886 0.042262 0.038793
0 0.402592 0.521099 0.039108 0.018450
0 0.396916 0.507380 0.039108 0.020343
0 0.368846 0.545463 0.062447 0.041631
0 0.349923 0.570773 0.015769 0.014666
0 0.364115 0.573375 0.021446 0.013246
0 0.395023 0.574085 0.025231 0.017504
0 0.421516 0.547119 0.042893 0.042104
0 0.444539 0.539786 0.028385 0.028385
0 0.461885 0.514240 0.040370 0.031223
0 0.496263 0.484909 0.037216 0.028385
0 0.504463 0.507144 0.051093 0.037847
0 0.462201 0.536002 0.024600 0.024600
0 0.480809 0.535765 0.025231 0.021289
0 0.478286 0.553506 0.032800 0.017977
0 0.501940 0.541915 0.032170 0.036427
0 0.523071 0.531271 0.031539 0.029331
0 0.520548 0.564386 0.027754 0.015139
0 0.535371 0.554688 0.039739 0.026966
0 0.555556 0.550667 0.020816 0.014192
0 0.556186 0.532926 0.047308 0.034535
0 0.583625 0.506907 0.075693 0.043997
0 0.434762 0.566515 0.016400 0.009935
0 0.451162 0.565333 0.030277 0.021762
0 0.425616 0.579288 0.034693 0.026966
0 0.450531 0.592535 0.037847 0.037373
0 0.468824 0.601760 0.039108 0.030277
0 0.392185 0.598921 0.056139 0.034062
0 0.413316 0.615006 0.012616 0.013246
0 0.319330 0.572429 0.054247 0.044470
0 0.341092 0.593954 0.047308 0.036427
0 0.297884 0.611458 0.046677 0.035481
0 0.267607 0.592298 0.069385 0.059608
0 0.355600 0.617608 0.044785 0.024127
0 0.565017 0.574794 0.042262 0.030277
0 0.457785 0.382723 0.088939 0.059608
0 0.529694 0.323588 0.058662 0.036900
0 0.588671 0.329501 0.054247 0.033589
0 0.548932 0.357886 0.080739 0.045889
0 0.578579 0.379175 0.052985 0.040212
0 0.609802 0.377519 0.049831 0.050147
0 0.650803 0.361907 0.052354 0.038793
0 0.682972 0.380594 0.058662 0.034535
0 0.700003 0.403539 0.054877 0.034062
0 0.674141 0.417731 0.019554 0.014192
0 0.694011 0.420570 0.018923 0.016085
0 0.659003 0.403302 0.030908 0.032643
0 0.640710 0.391002 0.043524 0.030750
0 0.627149 0.410162 0.026493 0.021762
0 0.639133 0.410162 0.015139 0.010408
0 0.584256 0.414893 0.052985 0.036900
0 0.535371 0.426483 0.054877 0.045889
0 0.609487 0.438783 0.045416 0.040212
0 0.574479 0.441385 0.044785 0.046362
0 0.553032 0.453685 0.035954 0.030277
0 0.577633 0.468824 0.018292 0.017031
0 0.609802 0.469534 0.037216 0.024127
0 0.652064 0.450847 0.053616 0.035008
0 0.670672 0.433106 0.042893 0.030750
0 0.718611 0.445170 0.071908 0.058662
0 0.755196 0.423408 0.035323 0.030277
0 0.773804 0.454868 0.034693 0.034535
0 0.745104 0.467405 0.051724 0.035008
0 0.721765 0.487274 0.025231 0.017031
0 0.687072 0.486564 0.029016 0.021289
0 0.648280 0.476630 0.053616 0.028858
0 0.654272 0.498628 0.045416 0.029331
0 0.668149 0.512111 0.026493 0.017504
0 0.716088 0.504542 0.060554 0.037373
0 0.695272 0.527959 0.047939 0.036900
0 0.746996 0.521099 0.035323 0.025073
0 0.765919 0.501467 0.056770 0.046362
0 0.623364 0.527250 0.021446 0.013719
0 0.681395 0.548302 0.010092 0.008515
0 0.605071 0.538603 0.039108 0.026019
0 0.606648 0.553032 0.017031 0.011354
0 0.647964 0.529615 0.054247 0.039266
0 0.621787 0.553506 0.025862 0.015139
0 0.641026 0.559419 0.022708 0.025073
0 0.623049 0.564859 0.032170 0.025546
0 0.594033 0.570063 0.033431 0.028385
0 0.617687 0.593008 0.031539 0.026966
0 0.637241 0.576687 0.029016 0.015139
0 0.641656 0.590642 0.025231 0.019396
0 0.664995 0.558236 0.018923 0.023654
0 0.654587 0.565569 0.024600 0.018450
0 0.665941 0.579052 0.034693 0.019869
0 0.686757 0.563913 0.023339 0.025546
0 0.709780 0.552796 0.029016 0.021289
0 0.704419 0.573138 0.022077 0.012773
0 0.697480 0.582364 0.025862 0.020816
0 0.728703 0.558709 0.022708 0.015139
0 0.720188 0.571246 0.020816 0.014666
0 0.727757 0.537894 0.037216 0.025546
0 0.748257 0.552559 0.036585 0.025546
0 0.784527 0.561311 0.049831 0.062920
0 0.744157 0.574085 0.038477 0.024127
0 0.729334 0.588277 0.040370 0.020343
0 0.689595 0.623285 0.026493 0.028858
0 0.677611 0.594664 0.039108 0.023654
0 0.647964 0.605308 0.025231 0.023181
0 0.667518 0.614770 0.039108 0.021289
0 0.627464 0.610748 0.034693 0.021762
0 0.632826 0.623285 0.027754 0.023181
0 0.668149 0.637714 0.041631 0.036900
0 0.640079 0.645993 0.047308 0.030750
0 0.628410 0.667282 0.022708 0.021289
0 0.650172 0.674851 0.034693 0.033589
0 0.717034 0.659476 0.058662 0.035954
0 0.744788 0.622575 0.083893 0.054877
0 0.605071 0.629672 0.046677 0.040685
0 0.583940 0.600341 0.038477 0.034062
0 0.562179 0.603889 0.025231 0.017504
0 0.534109 0.606964 0.024600 0.013246
0 0.535055 0.619264 0.035323 0.018923
0 0.553032 0.652143 0.039739 0.036427
0 0.571010 0.672486 0.031539 0.024127
0 0.592771 0.657583 0.038477 0.024600
0 0.596556 0.673668 0.027123 0.017031
0 0.499101 0.638660 0.041631 0.027439
0 0.517709 0.679345 0.019554 0.018923
0 0.494686 0.670593 0.055508 0.035481
0 0.471662 0.634639 0.024600 0.016558
0 0.470401 0.645993 0.020816 0.015612
0 0.469455 0.656164 0.020185 0.013246
0 0.465670 0.689043 0.039108 0.029804
0 0.501940 0.693774 0.034693 0.026019
0 0.541994 0.674378 0.015139 0.014666
0 0.587094 0.693065 0.032170 0.030277
0 0.613272 0.686205 0.029016 0.024127
0 0.445801 0.628016 0.027123 0.014666
0 0.434762 0.618318 0.017662 0.011354
0 0.420885 0.623522 0.016400 0.016085
0 0.407954 0.628016 0.020816 0.016558
0 0.424670 0.642681 0.044154 0.033589
0 0.442962 0.654272 0.035323 0.033116
0 0.408269 0.671776 0.059293 0.035008
0 0.389662 0.619974 0.034693 0.019396
0 0.389031 0.638897 0.038477 0.029804
0 0.354338 0.639133 0.051093 0.036900
0 0.301668 0.661132 0.064339 0.048727
0 0.330369 0.689280 0.064970 0.042577
0 0.355284 0.711515 0.044154 0.037847
0 0.411423 0.720030 0.075693 0.040685
0 0.437285 0.743684 0.089570 0.040685
0 0.501940 0.730675 0.049831 0.040212
0 0.546409 0.703236 0.042893 0.031696
0 0.575110 0.705838 0.030908 0.023654
0 0.622102 0.706547 0.049200 0.029804
0 0.535371 0.742975 0.066231 0.039266
0 0.507301 0.611221 0.036585 0.025546
0 0.483332 0.565333 0.036585 0.018923
0 0.488693 0.579288 0.029646 0.017504
0 0.511401 0.584492 0.046047 0.033589