0 0.297253 0.415839 0.066862 0.038793
0 0.273914 0.452266 0.085785 0.054877
0 0.327215 0.452976 0.023339 0.026966
0 0.362223 0.399517 0.035323 0.028858
0 0.389031 0.407087 0.023339 0.021289
0 0.375154 0.420806 0.042262 0.024127
0 0.357492 0.434762 0.057401 0.032170
0 0.359384 0.462674 0.046047 0.026493
0 0.384615 0.444933 0.030908 0.016558
0 0.389977 0.460308 0.035323 0.019869
0 0.342984 0.475684 0.043524 0.021289
0 0.325638 0.490822 0.029016 0.018450
0 0.295361 0.484199 0.042893 0.024127
0 0.278014 0.501467 0.034693 0.020816
0 0.301668 0.504542 0.025231 0.014666
0 0.318069 0.503359 0.018923 0.016085
0 0.334153 0.510692 0.029646 0.022235
0 0.358123 0.514240 0.025862 0.014192
0 0.359384 0.497918 0.048570 0.024127
0 0.386192 0.494607 0.031539 0.014666
0 0.381777 0.481597 0.030277 0.014192
0 0.402908 0.477812 0.030908 0.027439
0 0.294414 0.514240 0.020816 0.014192
0 0.238275 0.514240 0.051093 0.062447
0 0.275491 0.525594 0.034693 0.030277
0 0.294730 0.536711 0.032800 0.023181
0 0.311761 0.522519 0.025231 0.018450
0 0.333523 0.543807 0.033431 0.032643
0 0.319330 0.549484 0.040370 0.027912
0 0.307661 0.569827 0.057401 0.028858
0 0.276753 0.554688 0.028385 0.021289
0 0.256883 0.576213 0.054247 0.048254
0 0.302299 0.587567 0.027754 0.018923
0 0.336992 0.586858 0.027754 0.020343
0 0.357177 0.562021 0.020185 0.013246
0 0.372631 0.540259 0.058662 0.035008
0 0.377992 0.512347 0.020185 0.020816
0 0.400069 0.504778 0.029016 0.019869
0 0.396285 0.517551 0.029016 0.015139
0 0.400700 0.542861 0.018923 0.012773
0 0.416785 0.532217 0.038477 0.023654
0 0.417100 0.516842 0.021446 0.014666
0 0.423723 0.499338 0.033431 0.028858
0 0.431293 0.469770 0.039739 0.035954
0 0.454631 0.464330 0.024600 0.022235
0 0.454947 0.493897 0.032800 0.029331
0 0.463462 0.515422 0.017031 0.014666
0 0.465039 0.532453 0.044154 0.029804
0 0.435077 0.560129 0.076324 0.043524
0 0.371684 0.571010 0.050462 0.020816
0 0.372946 0.593481 0.052985 0.026019
0 0.484593 0.513294 0.041631 0.027439
0 0.499732 0.500047 0.027754 0.020816
0 0.483016 0.462437 0.020816 0.013719
0 0.480178 0.448481 0.032800 0.022708
0 0.509194 0.456760 0.045416 0.024127
0 0.504147 0.480414 0.049200 0.033589
0 0.530640 0.485382 0.027754 0.020816
0 0.531901 0.498865 0.045416 0.022235
0 0.519286 0.514713 0.037847 0.017031
0 0.545779 0.513530 0.030277 0.017504
0 0.516763 0.525594 0.037847 0.025546
0 0.497840 0.534819 0.039108 0.026019
0 0.520548 0.561075 0.054247 0.037847
0 0.528117 0.579762 0.034062 0.035481
0 0.561233 0.549248 0.044785 0.033116
0 0.411423 0.439256 0.037847 0.040212
0 0.419308 0.414893 0.041000 0.017031
0 0.413631 0.397625 0.025862 0.021289
0 0.397862 0.386744 0.044785 0.020343
0 0.388715 0.369713 0.047939 0.028858
0 0.424354 0.378702 0.042262 0.027912
0 0.435708 0.368767 0.024600 0.020343
0 0.439493 0.399517 0.034693 0.022235
0 0.463147 0.369240 0.047939 0.030750
0 0.471662 0.394550 0.020816 0.015139
0 0.463462 0.417968 0.041000 0.035481
0 0.493740 0.390056 0.020816 0.016558
0 0.508878 0.373971 0.032170 0.023181
0 0.542940 0.377283 0.037216 0.028858
0 0.517078 0.399044 0.052354 0.031696
0 0.544202 0.407323 0.019554 0.017031
0 0.546409 0.419387 0.021446 0.010881
0 0.545148 0.430977 0.017662 0.012300
0 0.514871 0.424827 0.041631 0.031223
0 0.554294 0.447772 0.024600 0.013719
0 0.568802 0.437127 0.024600 0.015139
0 0.565648 0.497445 0.033431 0.022235
0 0.545779 0.462910 0.040370 0.029804
0 0.563756 0.468114 0.037216 0.028858
0 0.279907 0.604835 0.053616 0.032643
0 0.252783 0.622102 0.041000 0.035008
0 0.273599 0.655928 0.041000 0.030750
0 0.294730 0.634639 0.042893 0.040212
0 0.318699 0.625650 0.045416 0.051566
0 0.371369 0.616425 0.053616 0.033116
0 0.355284 0.639370 0.045416 0.027912
0 0.351184 0.654745 0.020816 0.020816
0 0.328792 0.669174 0.051724 0.039266
0 0.347084 0.693538 0.056770 0.035954
0 0.368846 0.668228 0.041000 0.031696
0 0.398177 0.661841 0.034062 0.020816
0 0.393131 0.682420 0.032800 0.028858
0 0.381146 0.712461 0.052985 0.042577
0 0.422777 0.694720 0.041631 0.056297
0 0.453370 0.690463 0.047308 0.044943
0 0.458732 0.719794 0.029016 0.035481
0 0.441701 0.742738 0.052985 0.030277
0 0.495001 0.710569 0.058662 0.043524
0 0.507301 0.746286 0.059293 0.032643
0 0.415208 0.598921 0.027754 0.019869
0 0.418046 0.630618 0.047308 0.038793
0 0.448639 0.598921 0.025231 0.012300
0 0.474501 0.609566 0.036585 0.030750
0 0.447378 0.614060 0.036585 0.029331
0 0.461570 0.630145 0.041000 0.033116
0 0.448954 0.654508 0.053616 0.033589
0 0.497524 0.641972 0.053616 0.045416
0 0.552086 0.670830 0.039108 0.042577
0 0.585517 0.686678 0.068124 0.061028
0 0.559340 0.585202 0.043524 0.032170
0 0.592771 0.558236 0.047308 0.034062
0 0.691172 0.553269 0.048570 0.030750
0 0.621472 0.542388 0.039108 0.017504
0 0.538840 0.525830 0.020185 0.014666
0 0.559025 0.524174 0.031539 0.019869
0 0.577002 0.522282 0.024600 0.025546
0 0.591510 0.480414 0.034693 0.023181
0 0.582364 0.494370 0.021446 0.011354
0 0.597818 0.512821 0.042262 0.043524
0 0.621156 0.487747 0.024600 0.017977
0 0.581733 0.444224 0.013877 0.011354
0 0.593717 0.439020 0.017662 0.011354
0 0.601602 0.447062 0.014508 0.009462
0 0.606964 0.434289 0.013877 0.015139
0 0.653010 0.486564 0.021446 0.016558
0 0.667834 0.488693 0.025862 0.013246
0 0.651118 0.513530 0.065601 0.039266
0 0.673826 0.463147 0.044154 0.037847
0 0.698742 0.484909 0.049831 0.040685
0 0.715457 0.445406 0.049200 0.034535
0 0.750781 0.465039 0.065601 0.055824
0 0.727442 0.510455 0.052985 0.040685
0 0.792096 0.537421 0.052354 0.049200
0 0.749519 0.569117 0.079478 0.054877
0 0.725865 0.593244 0.041000 0.039739
0 0.691488 0.572902 0.045416 0.032170
0 0.763396 0.612641 0.051724 0.043524
0 0.694011 0.617135 0.055508 0.043997
0 0.656795 0.578579 0.049200 0.029331
0 0.655218 0.601523 0.046047 0.027912
0 0.634402 0.556344 0.032170 0.018923
0 0.612956 0.574558 0.029646 0.022235
0 0.596871 0.608383 0.076955 0.047308
0 0.614218 0.640316 0.056139 0.034535
0 0.638503 0.665862 0.049200 0.038320
0 0.462832 0.329501 0.057401 0.040212
0 0.500047 0.338253 0.051093 0.033116
0 0.550509 0.326663 0.061185 0.039266
0 0.588356 0.340382 0.073801 0.048727
0 0.650172 0.351263 0.049831 0.033589
0 0.672880 0.372079 0.070016 0.045889
0 0.606964 0.392658 0.061816 0.036900
0 0.577317 0.413946 0.058031 0.042577
0 0.621156 0.420333 0.038477 0.027912
0 0.625256 0.439493 0.035323 0.018923
0 0.622418 0.461255 0.056139 0.031223
0 0.658687 0.440439 0.045416 0.022708
0 0.657426 0.417495 0.049200 0.030750
0 0.708203 0.398335 0.066231 0.048254