0 0.266673 0.557772 0.058577 0.049205
0 0.391442 0.401371 0.064435 0.052719
0 0.699558 0.383358 0.083180 0.060627
0 0.586504 0.492312 0.084351 0.053598
0 0.755792 0.553818 0.083180 0.057113
0 0.720060 0.677269 0.079665 0.056234
0 0.691357 0.711537 0.062092 0.043933
0 0.637466 0.728671 0.064435 0.044812
0 0.476965 0.690449 0.057406 0.042176
0 0.495123 0.652227 0.072636 0.048326
0 0.464663 0.619278 0.074979 0.045690
0 0.442404 0.568755 0.058577 0.048326
0 0.462320 0.539320 0.032803 0.028117
0 0.485165 0.574466 0.050376 0.038661
0 0.508010 0.605659 0.032803 0.025481
0 0.491609 0.513839 0.065606 0.047448
0 0.516211 0.549864 0.042176 0.033389
0 0.608763 0.567437 0.049205 0.026360
0 0.667926 0.593797 0.057406 0.043933
0 0.592947 0.668483 0.071464 0.047448
0 0.560144 0.624989 0.050376 0.041297
0 0.582403 0.605659 0.069121 0.048326
0 0.642152 0.618838 0.066778 0.044812
0 0.560144 0.558650 0.050376 0.038661
0 0.580046 0.535014 0.067950 0.041297
0 0.560007 0.523571 0.028619 0.020669