0 0.264494 0.665616 0.079144 0.059977
0 0.210907 0.606876 0.059358 0.036481
0 0.241411 0.622024 0.074198 0.050702
0 0.271914 0.551227 0.062656 0.048847
0 0.325914 0.567613 0.066778 0.054412
0 0.441744 0.513201 0.069251 0.049465
0 0.506049 0.546590 0.065954 0.042045
0 0.466889 0.592654 0.050290 0.050083
0 0.514293 0.592654 0.046167 0.046374
0 0.640017 0.543808 0.050290 0.041427
0 0.714627 0.617387 0.074198 0.058740
0 0.607865 0.646139 0.070076 0.056885
0 0.524186 0.426328 0.039572 0.024114
0 0.532018 0.380263 0.061831 0.051938
0 0.462355 0.370989 0.067602 0.046992
0 0.298708 0.399122 0.066778 0.038954
0 0.258723 0.443641 0.028030 0.020404
0 0.237288 0.419526 0.059358 0.052557
0 0.264907 0.487850 0.058534 0.046992
0 0.292112 0.500526 0.027206 0.024114
0 0.380737 0.490323 0.062656 0.054412
0 0.329211 0.504545 0.056885 0.045755
0 0.303654 0.459717 0.060183 0.031534
0 0.313135 0.433129 0.059358 0.030297
0 0.456996 0.418290 0.063480 0.035244
0 0.475546 0.444568 0.062656 0.040809
0 0.564995 0.473938 0.063480 0.062450
0 0.520477 0.464663 0.046992 0.045137
0 0.567881 0.618314 0.070900 0.050702
0 0.597148 0.597601 0.066778 0.030297
0 0.595086 0.565139 0.072549 0.038335