0 0.321853 0.390765 0.063078 0.051093
0 0.292207 0.414420 0.054247 0.045416
0 0.263191 0.436654 0.044154 0.033116
0 0.352761 0.426483 0.049200 0.034535
0 0.384615 0.425773 0.035954 0.033116
0 0.256883 0.477339 0.055508 0.051093
0 0.231022 0.500520 0.050462 0.058662
0 0.253729 0.544990 0.047939 0.036900
0 0.235752 0.575504 0.054877 0.043997
0 0.292207 0.574085 0.041631 0.029804
0 0.299145 0.540732 0.032800 0.024600
0 0.298515 0.514240 0.047939 0.025546
0 0.320907 0.468351 0.049831 0.039739
0 0.355915 0.452976 0.041631 0.024127
0 0.382408 0.450610 0.034062 0.024127
0 0.376415 0.464566 0.017031 0.012300
0 0.383669 0.472845 0.020185 0.012773
0 0.394077 0.467405 0.019554 0.010408
0 0.390608 0.483016 0.021446 0.015139
0 0.378308 0.479232 0.011985 0.009462
0 0.346769 0.484909 0.054877 0.047308
0 0.343300 0.512584 0.025231 0.013719
0 0.359700 0.511401 0.017662 0.017977
0 0.373261 0.514476 0.024600 0.017504
0 0.381146 0.494370 0.025231 0.016085
0 0.394392 0.501940 0.018923 0.015139
0 0.416154 0.452739 0.042262 0.042577
0 0.416470 0.415366 0.056770 0.030277
0 0.448324 0.416075 0.024600 0.012773
0 0.448639 0.429322 0.022708 0.017504
0 0.386823 0.383196 0.049200 0.034062
0 0.411423 0.360015 0.071908 0.046362
0 0.442647 0.394314 0.057401 0.037373
0 0.474501 0.373735 0.051724 0.042577
0 0.483016 0.426956 0.054877 0.050620
0 0.447378 0.452503 0.026493 0.019396
0 0.440754 0.474264 0.033431 0.026966
0 0.458732 0.478759 0.018923 0.010408
0 0.483332 0.466695 0.052985 0.031696
0 0.495316 0.482780 0.037847 0.021289
0 0.460624 0.491768 0.035323 0.021289
0 0.424354 0.494843 0.046047 0.026493
0 0.418362 0.507144 0.037847 0.024600
0 0.318384 0.550904 0.019554 0.012773
0 0.328161 0.532453 0.051724 0.039266
0 0.368531 0.534109 0.044154 0.030277
0 0.407639 0.537657 0.035323 0.031696
0 0.441070 0.538130 0.047939 0.030750
0 0.456208 0.515422 0.041631 0.028858
0 0.483332 0.509272 0.030277 0.019396
0 0.503201 0.511874 0.032170 0.016085
0 0.499732 0.495553 0.027754 0.019396
0 0.527801 0.494134 0.047308 0.030750
0 0.519917 0.451556 0.027754 0.022235
0 0.539471 0.444460 0.034062 0.026019
0 0.561863 0.456997 0.025862 0.027439
0 0.542625 0.469770 0.049200 0.027439
0 0.532217 0.400700 0.043524 0.035008
0 0.562809 0.398808 0.042893 0.033116
0 0.470085 0.543098 0.021446 0.019869
0 0.417100 0.555161 0.022708 0.015612
0 0.400069 0.559183 0.035323 0.032170
0 0.357807 0.576687 0.054247 0.037847
0 0.327215 0.569117 0.017031 0.011354
0 0.288107 0.595846 0.034693 0.025073
0 0.496893 0.525121 0.047308 0.020816
0 0.550194 0.523465 0.050462 0.043050
0 0.573217 0.519680 0.046047 0.029804
0 0.577317 0.493661 0.045416 0.028858
0 0.605702 0.464330 0.071908 0.051566
0 0.598448 0.427902 0.042262 0.033589
0 0.568802 0.425064 0.046047 0.031696
0 0.424354 0.578815 0.024600 0.016558
0 0.330684 0.588987 0.030277 0.024600
0 0.306715 0.601996 0.036585 0.025073
0 0.330999 0.609093 0.027123 0.021289
0 0.351815 0.607200 0.028385 0.026966
0 0.317438 0.623285 0.030277 0.030750
0 0.291891 0.631091 0.043524 0.040685
0 0.343930 0.631327 0.025231 0.021289
0 0.336992 0.651670 0.039108 0.029804
0 0.365692 0.640079 0.029646 0.027439
0 0.387454 0.611221 0.058031 0.031223
0 0.426562 0.594664 0.047939 0.026493
0 0.461885 0.579525 0.042893 0.027439
0 0.486170 0.551613 0.037216 0.025546
0 0.513294 0.544044 0.039739 0.020816
0 0.493109 0.569827 0.022077 0.013719
0 0.516132 0.567935 0.037847 0.030750
0 0.467562 0.597975 0.032800 0.024600
0 0.440124 0.617372 0.035954 0.017977
0 0.417416 0.622102 0.018292 0.014192
0 0.416785 0.632037 0.018292 0.013246
0 0.397231 0.631327 0.023339 0.023181
0 0.384615 0.653326 0.042262 0.036900
0 0.410162 0.676034 0.030277 0.016085
0 0.415839 0.656401 0.032800 0.020343
0 0.427508 0.642918 0.034693 0.017977
0 0.446747 0.633220 0.022708 0.017504
0 0.462201 0.631564 0.022077 0.015139
0 0.476078 0.618791 0.033431 0.021762
0 0.513294 0.602706 0.033431 0.027439
0 0.493424 0.604835 0.015139 0.013719
0 0.528432 0.616662 0.013246 0.013719
0 0.495001 0.617608 0.024600 0.015612
0 0.491216 0.630854 0.024600 0.016558
0 0.491847 0.651433 0.027123 0.016085
0 0.476393 0.647885 0.045416 0.036427
0 0.440439 0.662078 0.032800 0.022235
0 0.460308 0.677453 0.027123 0.022708
0 0.479862 0.681947 0.019554 0.010881
0 0.486486 0.668701 0.034062 0.015612
0 0.489640 0.679818 0.022708 0.014192
0 0.504778 0.688570 0.026493 0.020343
0 0.478286 0.692592 0.013877 0.014192
0 0.493424 0.699924 0.020185 0.016558
0 0.476709 0.710569 0.029646 0.023654
0 0.353077 0.698505 0.063708 0.042104
0 0.411108 0.708913 0.070016 0.044943
0 0.449901 0.710805 0.015139 0.011827
0 0.457155 0.699924 0.029646 0.030750
0 0.507932 0.715299 0.035323 0.026493
0 0.523386 0.697322 0.030908 0.022708
0 0.494055 0.740846 0.090832 0.030277
0 0.548302 0.712934 0.027754 0.019869
0 0.529378 0.668937 0.042893 0.026493
0 0.524963 0.636531 0.051724 0.040212
0 0.554609 0.650487 0.018923 0.016085
0 0.545463 0.680291 0.034693 0.029331
0 0.568171 0.688334 0.043524 0.045416
0 0.587725 0.663734 0.027123 0.019869
0 0.592771 0.689990 0.028385 0.017504
0 0.576687 0.726653 0.066862 0.043524
0 0.615479 0.706074 0.047308 0.040212
0 0.642287 0.728073 0.047939 0.029331
0 0.568486 0.637478 0.036585 0.040212
0 0.598764 0.632274 0.040370 0.039266
0 0.634087 0.633220 0.041631 0.036427
0 0.602864 0.603416 0.032170 0.023181
0 0.600656 0.578342 0.016400 0.018450
0 0.554609 0.586385 0.059293 0.054404
0 0.687072 0.710569 0.049200 0.035008
0 0.647964 0.683130 0.071908 0.051093
0 0.661210 0.646466 0.037847 0.034535
0 0.680764 0.650487 0.026493 0.018923
0 0.699057 0.665862 0.052985 0.037373
0 0.699372 0.634402 0.046047 0.027439
0 0.730280 0.652853 0.056139 0.040685
0 0.756458 0.624468 0.047939 0.037847
0 0.685811 0.620210 0.016400 0.011354
0 0.713249 0.616898 0.039739 0.027439
0 0.686126 0.611458 0.030908 0.021289
0 0.728703 0.582364 0.070647 0.059608
0 0.676034 0.578579 0.044785 0.037847
0 0.643549 0.597266 0.052985 0.033589
0 0.638503 0.570773 0.052985 0.036427
0 0.615479 0.555871 0.048570 0.032170
0 0.654903 0.539313 0.060554 0.037847
0 0.756458 0.565569 0.044154 0.021289
0 0.747942 0.537657 0.066231 0.040212
0 0.792096 0.575740 0.038477 0.040685
0 0.791781 0.528669 0.042893 0.046835
0 0.509194 0.326899 0.055508 0.037847
0 0.548302 0.353392 0.076955 0.055824
0 0.577948 0.374681 0.058031 0.033116
0 0.607595 0.345350 0.050462 0.040685
0 0.612010 0.397152 0.056770 0.040212
0 0.648280 0.453449 0.051093 0.043050
0 0.679503 0.431687 0.050462 0.037373
0 0.708834 0.480414 0.080108 0.063866