0 0.244567 0.355166 0.106601 0.064576
0 0.185527 0.370541 0.078721 0.033825
0 0.142476 0.357011 0.063141 0.053506
0 0.216277 0.406212 0.092661 0.054736
0 0.170357 0.427429 0.089381 0.075031
0 0.145756 0.472940 0.069701 0.044280
0 0.085896 0.437884 0.081181 0.062731
0 0.190447 0.488007 0.041000 0.037515
0 0.170767 0.496310 0.029520 0.022140
0 0.142476 0.503998 0.066421 0.044895
0 0.071136 0.491390 0.107421 0.050431
0 0.068676 0.536593 0.054941 0.048585
0 0.119926 0.537515 0.042640 0.030750
0 0.151907 0.553813 0.059041 0.051046
0 0.210127 0.567958 0.072161 0.057196
0 0.253998 0.516605 0.079541 0.054121
0 0.259328 0.461255 0.082001 0.060271
0 0.341328 0.437269 0.100041 0.063961
0 0.306478 0.492927 0.056581 0.075646
0 0.356089 0.492005 0.049200 0.045510
0 0.339278 0.529828 0.033620 0.033825
0 0.293358 0.555966 0.046740 0.039360
0 0.244977 0.594096 0.084461 0.063961
0 0.115826 0.578721 0.068881 0.046740
0 0.075646 0.603936 0.055761 0.059041
0 0.028495 0.601784 0.051661 0.059656
0 0.038335 0.661439 0.058221 0.064576
0 0.097786 0.659902 0.078721 0.049200
0 0.132226 0.618081 0.067241 0.055351
0 0.151087 0.666667 0.039360 0.025830
0 0.204797 0.641144 0.048380 0.035055
0 0.271628 0.627306 0.073801 0.039360
0 0.270808 0.657134 0.037720 0.030135
0 0.193317 0.674354 0.048380 0.046125
0 0.156417 0.695879 0.040180 0.043665
0 0.105576 0.726015 0.086101 0.084256
0 0.167487 0.739237 0.042640 0.035670
0 0.181427 0.714022 0.044280 0.028290
0 0.224067 0.702952 0.055761 0.052891
0 0.262198 0.705105 0.053301 0.053506
0 0.215867 0.746002 0.047560 0.036900
0 0.208077 0.780443 0.050021 0.044280
0 0.169127 0.821341 0.095121 0.084256
0 0.249897 0.777675 0.040180 0.030135
0 0.259738 0.750615 0.038540 0.038745
0 0.289668 0.754305 0.026240 0.021525
0 0.314268 0.746925 0.045920 0.036285
0 0.335178 0.722940 0.038540 0.027675
0 0.301968 0.767220 0.029520 0.030135
0 0.280648 0.781365 0.026240 0.026445
0 0.246207 0.806888 0.062321 0.045510
0 0.292948 0.813961 0.049200 0.035055
0 0.269168 0.836101 0.037720 0.025215
0 0.322468 0.781980 0.047560 0.032595
0 0.361009 0.725400 0.034440 0.028905
0 0.360599 0.753998 0.046740 0.039360
0 0.377819 0.786593 0.041820 0.051661
0 0.298688 0.657442 0.063961 0.039360
0 0.326978 0.678967 0.089381 0.055351
0 0.350759 0.644526 0.033620 0.024600
0 0.394629 0.646986 0.065601 0.040590
0 0.386839 0.681734 0.040180 0.028905
0 0.369619 0.700185 0.043460 0.031365
0 0.410209 0.697417 0.045920 0.031980
0 0.454900 0.681734 0.053301 0.048585
0 0.405289 0.730320 0.039360 0.032595
0 0.411849 0.753075 0.031160 0.026445
0 0.429069 0.747232 0.027880 0.025830
0 0.451620 0.730627 0.056581 0.045510
0 0.495900 0.704490 0.056581 0.031365
0 0.471300 0.761378 0.030340 0.027060
0 0.451620 0.771833 0.028700 0.039360
0 0.423739 0.772448 0.041820 0.031980
0 0.416769 0.801661 0.050841 0.049815
0 0.395449 0.833948 0.047560 0.039360
0 0.474170 0.786900 0.041000 0.031365
0 0.513530 0.761993 0.065601 0.044280
0 0.532800 0.788130 0.045100 0.038745
0 0.442189 0.828721 0.044280 0.063346
0 0.476630 0.824108 0.032800 0.052891
0 0.506150 0.830873 0.049200 0.050431
0 0.536900 0.842251 0.041820 0.035055
0 0.511480 0.726015 0.072981 0.035055
0 0.538130 0.700185 0.041000 0.028905
0 0.504100 0.663899 0.068061 0.041205
0 0.343378 0.591943 0.059861 0.062116
0 0.399139 0.581181 0.063141 0.071341
0 0.454080 0.601169 0.061501 0.057196
0 0.478270 0.626076 0.024600 0.023370
0 0.511070 0.611009 0.054121 0.048585
0 0.494260 0.574416 0.051661 0.040590
0 0.281468 0.893296 0.085281 0.069496
0 0.331898 0.859779 0.122181 0.082411
0 0.405289 0.912669 0.100041 0.068881
0 0.512300 0.868081 0.041820 0.044895
0 0.535670 0.880074 0.029520 0.035670
0 0.603321 0.895756 0.077901 0.058426
0 0.586921 0.857319 0.063141 0.038130
0 0.593071 0.825031 0.047560 0.030135
0 0.570931 0.802276 0.054121 0.043665
0 0.620951 0.756150 0.082001 0.059656
0 0.624231 0.807196 0.054121 0.039975
0 0.634071 0.854244 0.057401 0.055351
0 0.716072 0.738622 0.085281 0.050431
0 0.782083 0.744772 0.054941 0.041820
0 0.788643 0.826261 0.066421 0.064576
0 0.601271 0.701107 0.062321 0.031980
0 0.577901 0.680197 0.053301 0.029520
0 0.627101 0.670357 0.051661 0.033210
0 0.590611 0.647294 0.067241 0.035055
0 0.547970 0.614084 0.036080 0.023985
0 0.582001 0.627921 0.050021 0.033210
0 0.736572 0.700800 0.034440 0.026445
0 0.725502 0.684502 0.041820 0.023370
0 0.707052 0.675584 0.039360 0.022755
0 0.674662 0.698647 0.069701 0.050431
0 0.860804 0.804121 0.066421 0.052276
0 0.884994 0.745695 0.091841 0.078106
0 0.840303 0.672202 0.069701 0.066421
0 0.765683 0.678352 0.066421 0.047970
0 0.780853 0.646986 0.062321 0.043050
0 0.937064 0.689729 0.059861 0.049815
0 0.938704 0.645141 0.077901 0.071341
0 0.945674 0.584256 0.077081 0.072571
0 0.860804 0.599631 0.071341 0.055351
0 0.830463 0.564883 0.071341 0.037515
0 0.797253 0.590713 0.052481 0.031365
0 0.814063 0.613469 0.043460 0.037515
0 0.777573 0.616236 0.032800 0.017220
0 0.756253 0.601476 0.036080 0.014760
0 0.741902 0.624231 0.046740 0.024600
0 0.736982 0.640529 0.038540 0.026445
0 0.696392 0.639606 0.031160 0.029520
0 0.658262 0.626384 0.059861 0.043665
0 0.701722 0.611931 0.033620 0.029520
0 0.670152 0.595633 0.065601 0.037515
0 0.696802 0.564576 0.041820 0.045510
0 0.670152 0.564883 0.022960 0.037515
0 0.637761 0.565498 0.050021 0.041205
0 0.599631 0.606704 0.065601 0.025215
0 0.603731 0.584871 0.054121 0.019680
0 0.591841 0.567036 0.048380 0.023370
0 0.553301 0.581796 0.051661 0.027060
0 0.538540 0.559348 0.036900 0.028905
0 0.568881 0.546433 0.033620 0.023985
0 0.588151 0.531673 0.037720 0.030135
0 0.615211 0.523985 0.032800 0.040590
0 0.644731 0.505228 0.057401 0.043665
0 0.662772 0.530750 0.052481 0.031980
0 0.720172 0.535363 0.041000 0.030135
0 0.742722 0.575338 0.053301 0.042435
0 0.768143 0.553506 0.056581 0.046740
0 0.758713 0.509225 0.027880 0.024600
0 0.718532 0.477245 0.093481 0.077491
0 0.777163 0.495695 0.028700 0.023370
0 0.809963 0.471710 0.086101 0.044280
0 0.812833 0.502768 0.067241 0.019065
0 0.816523 0.527983 0.081181 0.039975
0 0.883764 0.529520 0.064781 0.075031
0 0.894424 0.466175 0.102501 0.077491
0 0.808733 0.424354 0.090201 0.057811
0 0.641041 0.464637 0.050021 0.027675
0 0.629151 0.437269 0.044280 0.035670
0 0.591841 0.431119 0.068061 0.028290
0 0.584461 0.464637 0.066421 0.048585
0 0.554941 0.503998 0.071341 0.047355
0 0.500000 0.460025 0.076261 0.045510
0 0.369619 0.364699 0.076261 0.049200
0 0.397089 0.320418 0.111521 0.086101
0 0.490980 0.300738 0.095941 0.052891
0 0.491800 0.352091 0.102501 0.053506
0 0.560271 0.402214 0.057401 0.060271
0 0.464740 0.491082 0.076261 0.041205
0 0.484420 0.519373 0.082821 0.067036
0 0.503690 0.396986 0.104961 0.074416
0 0.596351 0.375154 0.059041 0.040590
0 0.632431 0.396679 0.070521 0.041820
0 0.616441 0.325953 0.092661 0.066421
0 0.689832 0.327491 0.057401 0.049815
0 0.676302 0.375154 0.068061 0.050431
0 0.703772 0.400984 0.062321 0.049200
0 0.705822 0.279828 0.074621 0.060271
0 0.750103 0.340098 0.107421 0.093481
0 0.838663 0.348401 0.068061 0.071956