0 0.633951 0.833582 0.083180 0.076443
0 0.540814 0.851595 0.093723 0.063263
0 0.316463 0.828750 0.092552 0.059749
0 0.233284 0.802829 0.071464 0.057113
0 0.250271 0.771637 0.037489 0.022845
0 0.328179 0.776470 0.083180 0.044812
0 0.315292 0.744838 0.080836 0.046569
0 0.258472 0.709252 0.084351 0.057991
0 0.291861 0.689482 0.033975 0.028996
0 0.263158 0.625340 0.089037 0.069414
0 0.329350 0.598102 0.092552 0.074686
0 0.526755 0.789649 0.084351 0.051841
0 0.613449 0.767244 0.042176 0.035146
0 0.544328 0.742202 0.082008 0.050083
0 0.656211 0.699587 0.085523 0.079079
0 0.608177 0.715403 0.073807 0.056234
0 0.488680 0.657851 0.097238 0.069414
0 0.414873 0.696072 0.078493 0.077322
0 0.341651 0.679378 0.065606 0.059749
0 0.743608 0.603286 0.073807 0.054477
0 0.567876 0.606361 0.083180 0.062385
0 0.249217 0.477638 0.097238 0.070293
0 0.185367 0.559793 0.070293 0.044812
0 0.222271 0.532554 0.085523 0.062385
0 0.511642 0.551006 0.069121 0.064142
0 0.575491 0.548370 0.058577 0.058870
0 0.680930 0.468852 0.096067 0.066778
0 0.641098 0.508391 0.096067 0.061506
0 0.679759 0.572533 0.091380 0.057991
0 0.678001 0.534312 0.090209 0.044812
0 0.820930 0.500483 0.085523 0.073807