0 0.377827 0.511231 0.070825 0.050842
0 0.267036 0.508195 0.075884 0.044772
0 0.250847 0.478980 0.037436 0.025801
0 0.272601 0.436106 0.056660 0.056913
0 0.429428 0.371225 0.058684 0.033389
0 0.419310 0.346942 0.034401 0.024283
0 0.564501 0.407649 0.067790 0.053119
0 0.631785 0.377675 0.070825 0.049325
0 0.735493 0.448247 0.075884 0.053878
0 0.612561 0.500607 0.048566 0.046289
0 0.509359 0.497572 0.058684 0.046289
0 0.342414 0.615192 0.068802 0.047807
0 0.344438 0.680832 0.046542 0.036424
0 0.443087 0.722189 0.073860 0.044772
0 0.548313 0.679314 0.057672 0.054637
0 0.687434 0.624298 0.068802 0.053878
0 0.608008 0.636440 0.037436 0.023524
0 0.426898 0.598498 0.061719 0.041736
0 0.437016 0.634163 0.065766 0.047807
0 0.487606 0.622780 0.047554 0.043254
0 0.458264 0.533617 0.039460 0.027318
0 0.468888 0.556761 0.054637 0.035666
0 0.515936 0.541584 0.051601 0.037183
0 0.502782 0.578388 0.029342 0.028836
0 0.527571 0.577629 0.032377 0.033389
0 0.554889 0.573456 0.042495 0.034148
0 0.561972 0.589012 0.052613 0.028836
0 0.539713 0.621263 0.036424 0.037183
0 0.575631 0.622780 0.045530 0.041736
0 0.648986 0.677037 0.072849 0.062225
0 0.602443 0.669829 0.044519 0.046289
0 0.569054 0.487327 0.048566 0.054637