0 0.467006 0.704508 0.070293 0.050962
0 0.277802 0.517353 0.076150 0.059749
0 0.460563 0.529215 0.076150 0.062385
0 0.438889 0.390387 0.077322 0.058870
0 0.588261 0.344697 0.071464 0.057113
0 0.696043 0.370618 0.062092 0.043933
0 0.652365 0.349471 0.053422 0.037841
0 0.746225 0.485253 0.051196 0.038954
0 0.654962 0.426266 0.069004 0.048971
0 0.529197 0.420145 0.051938 0.043406
0 0.574457 0.419310 0.059358 0.042849
0 0.582619 0.440178 0.037099 0.014469
0 0.532165 0.471063 0.040067 0.026155
0 0.513615 0.528102 0.031163 0.016694
0 0.553311 0.507791 0.039325 0.035058
0 0.515099 0.501669 0.047487 0.039510
0 0.539955 0.574012 0.061584 0.049527
0 0.563328 0.537563 0.048971 0.030050
0 0.587071 0.578464 0.028195 0.029494
0 0.628993 0.574012 0.061584 0.046188
0 0.611927 0.545910 0.051196 0.030050
0 0.629364 0.513634 0.037099 0.027824
0 0.688351 0.496383 0.066036 0.046745
0 0.672769 0.535058 0.064552 0.045075
0 0.584845 0.464663 0.063810 0.050083
0 0.630848 0.473845 0.047487 0.037284
0 0.603766 0.482471 0.023001 0.017807
0 0.716989 0.693934 0.061478 0.046904