0 0.443534 0.621974 0.063996 0.049040
0 0.406667 0.700490 0.061213 0.051649
0 0.365627 0.705707 0.026433 0.025563
0 0.565265 0.677796 0.072343 0.052170
0 0.649781 0.691621 0.043823 0.037041
0 0.733949 0.635017 0.059126 0.045910
0 0.700908 0.547266 0.054257 0.044866
0 0.618827 0.574134 0.059822 0.030780
0 0.568047 0.613523 0.054257 0.043823
0 0.618131 0.612479 0.057040 0.045910
0 0.275894 0.543875 0.050083 0.037041
0 0.241809 0.544919 0.027824 0.025563
0 0.315891 0.673779 0.071647 0.047475
0 0.365975 0.457951 0.074430 0.051127
0 0.347541 0.401607 0.068169 0.050083
0 0.467880 0.351002 0.070952 0.047997
0 0.496052 0.449082 0.059126 0.038606
0 0.471706 0.475949 0.071647 0.039128
0 0.678301 0.430300 0.070256 0.047997
0 0.667867 0.493948 0.027129 0.025042
0 0.521442 0.530989 0.043127 0.036519
0 0.466837 0.524468 0.060518 0.043301
0 0.498139 0.569334 0.028520 0.030780
0 0.530137 0.569856 0.049388 0.037041
0 0.568047 0.550814 0.033389 0.021912
0 0.574308 0.533598 0.040345 0.027129
0 0.573612 0.512990 0.038954 0.032867
0 0.602480 0.511947 0.036867 0.040171
0 0.730819 0.480384 0.084864 0.060518
0 0.709951 0.502817 0.061213 0.038606
0 0.633434 0.536467 0.047301 0.034954
0 0.639347 0.510382 0.047997 0.037041