0 0.348681 0.464634 0.028117 0.028117
0 0.295961 0.665407 0.025774 0.018452
0 0.379141 0.654863 0.035146 0.027238
0 0.584747 0.458923 0.059749 0.046569
0 0.301233 0.621474 0.045690 0.048326
0 0.247928 0.620156 0.058577 0.052719
0 0.261401 0.672876 0.059749 0.047448
0 0.354538 0.670240 0.070293 0.049205
0 0.327007 0.632018 0.050376 0.043054
0 0.398471 0.627625 0.064435 0.041297
0 0.394371 0.582813 0.072636 0.044812
0 0.495709 0.736139 0.059749 0.049205
0 0.521483 0.722959 0.057406 0.056234
0 0.584747 0.715930 0.069121 0.063263
0 0.438889 0.679466 0.067950 0.048326
0 0.474621 0.646516 0.076150 0.050962
0 0.436546 0.549424 0.067950 0.055355
0 0.499810 0.511642 0.063263 0.050083
0 0.546671 0.551621 0.070293 0.042176
0 0.556629 0.517353 0.059749 0.031632
0 0.657382 0.466831 0.066778 0.055355
0 0.607592 0.485282 0.067950 0.051841
0 0.550186 0.455847 0.060920 0.047448
0 0.531441 0.414990 0.056234 0.043054
0 0.642738 0.381162 0.072636 0.057991
0 0.400228 0.476496 0.058577 0.043054
0 0.419559 0.452333 0.078493 0.052719
0 0.288346 0.445743 0.073807 0.048326
0 0.259057 0.492312 0.064435 0.051841
0 0.317049 0.509446 0.051548 0.047448
0 0.360396 0.504613 0.051548 0.043054