0 0.295578 0.687171 0.106160 0.086041
0 0.090964 0.473353 0.066778 0.079620
0 0.756175 0.671761 0.109584 0.091178
0 0.773297 0.419417 0.109584 0.095030
0 0.358932 0.264672 0.092462 0.050083
0 0.336672 0.434185 0.082188 0.062925
0 0.415436 0.511237 0.102735 0.070631
0 0.561834 0.525363 0.114721 0.073199
0 0.370061 0.473353 0.056504 0.035957
0 0.390608 0.424554 0.080476 0.048799
0 0.353795 0.365481 0.089037 0.059073
0 0.391464 0.315397 0.095886 0.066778
0 0.566971 0.208167 0.087325 0.057789
0 0.696246 0.262746 0.102735 0.069346
0 0.636317 0.224862 0.058217 0.050083
0 0.649159 0.373828 0.066778 0.057789
0 0.613201 0.339155 0.077051 0.062925
0 0.569539 0.349429 0.047943 0.032105
0 0.534438 0.368049 0.083901 0.059073
0 0.484782 0.344934 0.070202 0.059073
0 0.503617 0.438038 0.063353 0.052652
0 0.570395 0.416849 0.056504 0.030821
0 0.545567 0.459227 0.089037 0.056504
0 0.511600 0.485407 0.040681 0.025330
0 0.451346 0.454896 0.064475 0.044902
0 0.423330 0.378907 0.048356 0.039146
0 0.525598 0.283806 0.095715 0.063439