0 0.235748 0.532083 0.051639 0.037849
0 0.242790 0.587096 0.056333 0.044010
0 0.269196 0.666755 0.052812 0.029047
0 0.350175 0.713406 0.038729 0.029047
0 0.346654 0.682158 0.038729 0.026406
0 0.317900 0.669835 0.032861 0.022885
0 0.324782 0.697922 0.028380 0.029127
0 0.301257 0.687279 0.035101 0.021285
0 0.302003 0.636028 0.042570 0.026326
0 0.282959 0.642749 0.058254 0.027446
0 0.290427 0.615023 0.050785 0.029127
0 0.307231 0.594018 0.018671 0.015124
0 0.285946 0.578054 0.023899 0.015684
0 0.286320 0.596258 0.036595 0.017364
0 0.324782 0.584776 0.017924 0.015684
0 0.299389 0.562931 0.049291 0.035848
0 0.316940 0.550608 0.021658 0.012323
0 0.334864 0.561530 0.026139 0.027446
0 0.363618 0.553408 0.040329 0.026886
0 0.360257 0.569652 0.018671 0.012323
0 0.341959 0.538565 0.019418 0.017364
0 0.316193 0.539965 0.041076 0.011203
0 0.315447 0.530163 0.045557 0.015124
0 0.318060 0.516160 0.037342 0.018484
0 0.341959 0.493755 0.068709 0.035288
0 0.350921 0.522321 0.038836 0.024086
0 0.380048 0.520641 0.026886 0.018484
0 0.394462 0.685375 0.036595 0.022405
0 0.335835 0.644430 0.019418 0.015124
0 0.736133 0.647377 0.048028 0.036495
0 0.756987 0.608512 0.031597 0.026068
0 0.740556 0.598322 0.030333 0.021802
0 0.610061 0.565145 0.034757 0.027489
0 0.593883 0.670743 0.042340 0.034125
0 0.549015 0.667662 0.039812 0.032703
0 0.530057 0.700128 0.033493 0.015167
0 0.490876 0.728328 0.039812 0.020380
0 0.481713 0.744206 0.027805 0.018010
0 0.455488 0.733305 0.030965 0.017062
0 0.465599 0.707237 0.051187 0.036021
0 0.405880 0.727617 0.068250 0.047396
0 0.448220 0.680696 0.039180 0.026542
0 0.432738 0.668136 0.020854 0.016588
0 0.462439 0.664344 0.027173 0.015641
0 0.586615 0.722167 0.039180 0.031755
0 0.608733 0.708422 0.048028 0.039338
0 0.664344 0.702735 0.063194 0.044078
0 0.539536 0.744680 0.062562 0.020854
0 0.523737 0.723826 0.041076 0.031281
0 0.552491 0.725485 0.031597 0.027015
0 0.516470 0.649415 0.030333 0.021802
0 0.502251 0.666003 0.041076 0.030333
0 0.517102 0.684013 0.046764 0.032229
0 0.410620 0.660790 0.047396 0.033177
0 0.441269 0.640173 0.030333 0.027963
0 0.471918 0.642305 0.029701 0.028437
0 0.560074 0.597043 0.060666 0.036495
0 0.533848 0.621451 0.029701 0.023698
0 0.568289 0.626191 0.030333 0.021802
0 0.561654 0.638514 0.018326 0.016115
0 0.544591 0.642305 0.019590 0.013271
0 0.677299 0.613394 0.061298 0.036969
0 0.666556 0.573345 0.053715 0.038390
0 0.662448 0.653917 0.058139 0.040286
0 0.638119 0.618608 0.030965 0.028437
0 0.611893 0.622399 0.029069 0.019906
0 0.607154 0.638514 0.036021 0.026542
0 0.367964 0.659131 0.041708 0.027963
0 0.763243 0.574624 0.027173 0.020854
0 0.786941 0.566330 0.025278 0.023224
0 0.782517 0.541447 0.031597 0.021802
0 0.773354 0.525333 0.043604 0.033177
0 0.717743 0.534575 0.052451 0.045026
0 0.737334 0.557799 0.042340 0.034599
0 0.712372 0.582682 0.048028 0.036969
0 0.506675 0.572018 0.056243 0.040286
0 0.461491 0.614911 0.049291 0.028437
0 0.483925 0.594294 0.042340 0.027963
0 0.472866 0.565856 0.026542 0.017536
0 0.465599 0.578416 0.015799 0.010427
0 0.445061 0.568463 0.035389 0.027489
0 0.423259 0.579364 0.019590 0.013271
0 0.416623 0.609460 0.034125 0.026068
0 0.444113 0.595241 0.042340 0.026068
0 0.396717 0.624627 0.033493 0.027963
0 0.366384 0.639319 0.037285 0.016588
0 0.456752 0.486800 0.047396 0.033651
0 0.368722 0.622636 0.031597 0.019432
0 0.338389 0.619318 0.034125 0.036495
0 0.361139 0.599649 0.049291 0.030333
0 0.379149 0.578084 0.039812 0.027963
0 0.404743 0.570738 0.021486 0.018010
0 0.422753 0.557704 0.041076 0.026068
0 0.412642 0.538272 0.041076 0.028911
0 0.461301 0.523295 0.051187 0.035547
0 0.644731 0.543278 0.032607 0.018897
0 0.591374 0.543556 0.038536 0.038350
0 0.572847 0.553561 0.019268 0.015007
0 0.558026 0.542445 0.034089 0.028346
0 0.399881 0.509375 0.023714 0.024455
0 0.423596 0.504094 0.035571 0.030569
0 0.408033 0.479083 0.040018 0.028346
0 0.375797 0.467689 0.055580 0.038906
0 0.310064 0.440622 0.047428 0.038350
0 0.267452 0.420891 0.049652 0.040018
0 0.329332 0.415333 0.023714 0.011116
0 0.340448 0.432285 0.045946 0.035016
0 0.429450 0.454795 0.046687 0.027790
0 0.412406 0.424226 0.025937 0.014451
0 0.402401 0.439788 0.042982 0.026679
0 0.444272 0.436731 0.051134 0.029458
0 0.444272 0.410331 0.048170 0.030013
0 0.483919 0.426449 0.038536 0.035571
0 0.516896 0.441178 0.028902 0.023900
0 0.527197 0.513321 0.053357 0.035016
0 0.519046 0.479139 0.044464 0.028902
0 0.570920 0.488310 0.019268 0.020565
0 0.546465 0.488032 0.044464 0.037795
0 0.588336 0.481362 0.034830 0.033348
0 0.584260 0.511098 0.026679 0.017230
0 0.546498 0.451228 0.038252 0.023589
0 0.573699 0.448678 0.021251 0.015938
0 0.554148 0.434971 0.036552 0.019126
0 0.591550 0.412338 0.012751 0.009563
0 0.598351 0.432740 0.039952 0.026139
0 0.660676 0.516822 0.044256 0.034547
0 0.628161 0.510725 0.038837 0.034547
0 0.638096 0.487356 0.024386 0.013548
0 0.610098 0.494807 0.029805 0.025741
0 0.769057 0.471776 0.037030 0.029805
0 0.715011 0.430023 0.022771 0.022333
0 0.740410 0.431993 0.029778 0.026274
0 0.735155 0.411631 0.019268 0.019706
0 0.669907 0.405391 0.028902 0.025617
0 0.618590 0.466646 0.030766 0.024473
0 0.739325 0.476785 0.039157 0.026571
0 0.725806 0.489022 0.023308 0.020278
0 0.672665 0.484127 0.015849 0.010489
0 0.689446 0.475037 0.055007 0.053841
0 0.658589 0.447291 0.021491 0.010560