0 0.520897 0.822160 0.105439 0.081715
0 0.514454 0.950444 0.097238 0.071171
0 0.300647 0.852034 0.107782 0.078201
0 0.165920 0.844566 0.079665 0.052719
0 0.097385 0.724189 0.078493 0.093138
0 0.478722 0.719357 0.056234 0.050083
0 0.432446 0.705738 0.073807 0.057991
0 0.343994 0.756260 0.096067 0.072929
0 0.272530 0.737809 0.093723 0.071171
0 0.301233 0.678060 0.087866 0.053598
0 0.202238 0.605131 0.091380 0.076443
0 0.288346 0.539671 0.041004 0.036904
0 0.321735 0.451630 0.114811 0.077322
0 0.673198 0.423074 0.105439 0.074686
0 0.804997 0.539935 0.087866 0.069414
0 0.744076 0.609349 0.101924 0.074686
0 0.563659 0.544328 0.094895 0.048326
0 0.472864 0.657675 0.067950 0.058870
0 0.558387 0.667780 0.093723 0.073807
0 0.206338 0.493366 0.134727 0.079958
0 0.218053 0.543889 0.097238 0.049205
0 0.312363 0.576399 0.086694 0.054477
0 0.310605 0.619014 0.083180 0.046569
0 0.393199 0.667340 0.058577 0.028996
0 0.373869 0.594412 0.069121 0.064142
0 0.404915 0.607152 0.077322 0.045690
0 0.397300 0.636148 0.069121 0.038661
0 0.580060 0.595290 0.104267 0.057113
0 0.812026 0.768562 0.064435 0.060627
0 0.855959 0.783499 0.042176 0.043054