0 0.505082 0.663650 0.052719 0.043054
0 0.425417 0.739214 0.080836 0.051841
0 0.573031 0.590721 0.073807 0.044812
0 0.626336 0.546349 0.030460 0.026360
0 0.574788 0.558650 0.060920 0.036904
0 0.681985 0.490554 0.062092 0.048326
0 0.684328 0.542835 0.073807 0.045690
0 0.588847 0.516475 0.060920 0.043933
0 0.615792 0.496705 0.049205 0.044812
0 0.491609 0.509885 0.070293 0.051841
0 0.463492 0.564362 0.058577 0.048326
0 0.358053 0.665847 0.074979 0.054477
0 0.464663 0.636851 0.046862 0.050962
0 0.424831 0.642562 0.044519 0.050083
0 0.383827 0.628064 0.067950 0.049205
0 0.397885 0.546789 0.067950 0.043054
0 0.406086 0.579738 0.060920 0.038661
0 0.396128 0.440910 0.078493 0.047448
0 0.406672 0.397417 0.069121 0.048326
0 0.506253 0.458483 0.076150 0.047448
0 0.476379 0.428609 0.060920 0.038661
0 0.601734 0.381162 0.058577 0.047448
0 0.257886 0.422019 0.078493 0.057113
0 0.298304 0.396099 0.079665 0.049205
0 0.317049 0.368421 0.060920 0.043054
0 0.481651 0.375011 0.055063 0.045690
0 0.559558 0.338986 0.067950 0.043933
0 0.564245 0.396099 0.044519 0.047448
0 0.525049 0.396045 0.039382 0.044519
0 0.537498 0.360601 0.027396 0.016694
0 0.472311 0.397800 0.035957 0.018407