0 0.221560 0.536238 0.039108 0.043050
0 0.228814 0.584256 0.054877 0.044470
0 0.259406 0.544044 0.037847 0.026493
0 0.274545 0.566752 0.061816 0.044470
0 0.276437 0.509509 0.060554 0.032170
0 0.243952 0.483726 0.054877 0.040212
0 0.270130 0.455578 0.058031 0.034062
0 0.287476 0.438074 0.058662 0.032170
0 0.311445 0.446826 0.025862 0.017504
0 0.297568 0.466459 0.047308 0.024600
0 0.286530 0.484199 0.041631 0.026966
0 0.317438 0.483963 0.027754 0.024600
0 0.336992 0.515422 0.042893 0.043050
0 0.288107 0.531271 0.067493 0.030277
0 0.360646 0.491295 0.051093 0.031696
0 0.384931 0.506197 0.031539 0.023654
0 0.367584 0.518734 0.043524 0.033589
0 0.402277 0.526540 0.041000 0.030277
0 0.363800 0.549248 0.059924 0.036900
0 0.407323 0.503832 0.023339 0.013246
0 0.395969 0.479232 0.030908 0.019869
0 0.334153 0.447535 0.037216 0.030277
0 0.295676 0.391948 0.039739 0.036427
0 0.329423 0.370659 0.044154 0.029804
0 0.333838 0.413710 0.068124 0.048727
0 0.358438 0.383433 0.050462 0.035481
0 0.386192 0.395969 0.029016 0.017977
0 0.395023 0.420097 0.029016 0.019869
0 0.361907 0.455578 0.041000 0.035954
0 0.396600 0.450374 0.041000 0.036900
0 0.422462 0.440676 0.046047 0.031696
0 0.431924 0.429795 0.022077 0.016558
0 0.449901 0.487747 0.061816 0.047308
0 0.466616 0.455341 0.023339 0.014666
0 0.467878 0.434525 0.052354 0.037373
0 0.449270 0.556344 0.039108 0.027439
0 0.471347 0.546646 0.056770 0.040212
0 0.499732 0.572429 0.041631 0.032170
0 0.452739 0.581654 0.048570 0.028858
0 0.503832 0.523701 0.038477 0.023654
0 0.493740 0.498865 0.035954 0.039266
0 0.513924 0.495080 0.023339 0.021289
0 0.525594 0.510219 0.036585 0.028858
0 0.547040 0.516842 0.021446 0.020343
0 0.520548 0.536711 0.051724 0.020343
0 0.541678 0.549011 0.027123 0.026019
0 0.522755 0.551377 0.034693 0.018450
0 0.530009 0.567698 0.031539 0.017977
0 0.536948 0.578106 0.029016 0.021762
0 0.565333 0.563204 0.031539 0.026019
0 0.566279 0.541442 0.042262 0.028858
0 0.578579 0.517078 0.040370 0.028385
0 0.605387 0.514003 0.037216 0.022235
0 0.613272 0.494370 0.021446 0.022708
0 0.604441 0.485145 0.022708 0.014666
0 0.596556 0.496026 0.030908 0.015612
0 0.606964 0.541442 0.034062 0.026966
0 0.618002 0.557763 0.025862 0.019869
0 0.595610 0.556581 0.032800 0.020343
0 0.576371 0.576213 0.013246 0.010408
0 0.593402 0.578579 0.034693 0.024600
0 0.555556 0.592535 0.054877 0.031696
0 0.597502 0.603179 0.021446 0.017031
0 0.544832 0.477812 0.042262 0.034062
0 0.530955 0.459835 0.034693 0.023654
0 0.505724 0.457943 0.014508 0.014192
0 0.492163 0.465276 0.052985 0.026019
0 0.499732 0.446826 0.020185 0.014666
0 0.499417 0.433106 0.029646 0.014666
0 0.516132 0.443751 0.034062 0.017031
0 0.450847 0.401883 0.034693 0.033589
0 0.434762 0.400227 0.034062 0.032170
0 0.411108 0.393131 0.044785 0.038793
0 0.422147 0.370186 0.023969 0.024127
0 0.390292 0.359542 0.059924 0.050147
0 0.459047 0.331394 0.085155 0.036427
0 0.454947 0.359779 0.039108 0.026966
0 0.445170 0.377283 0.034693 0.020343
0 0.474816 0.372315 0.028385 0.014192
0 0.488063 0.357886 0.034693 0.026019
0 0.515186 0.361907 0.029646 0.035008
0 0.495632 0.373735 0.022077 0.017031
0 0.470401 0.384852 0.027123 0.018450
0 0.500993 0.386271 0.021446 0.016558
0 0.513294 0.386981 0.024600 0.021762
0 0.491847 0.395969 0.034693 0.027439
0 0.493424 0.413710 0.025231 0.022235
0 0.519286 0.413000 0.030277 0.033116
0 0.538525 0.398098 0.027123 0.030750
0 0.567856 0.379885 0.029016 0.018923
0 0.565017 0.399281 0.033431 0.022708
0 0.558079 0.414183 0.034693 0.020343
0 0.544517 0.425300 0.023969 0.025546
0 0.525278 0.430977 0.029646 0.019869
0 0.553348 0.442331 0.030277 0.021762
0 0.572271 0.424827 0.026493 0.023654
0 0.589302 0.421043 0.026493 0.018923
0 0.592141 0.393840 0.041000 0.032643
0 0.618948 0.404958 0.029016 0.029331
0 0.641972 0.391712 0.035954 0.023654
0 0.642918 0.409216 0.023969 0.020816
0 0.601918 0.437837 0.047939 0.033589
0 0.571325 0.461964 0.044785 0.027912
0 0.578579 0.474737 0.023969 0.018450
0 0.642603 0.468824 0.051093 0.030277
0 0.639764 0.436891 0.026493 0.024127
0 0.656480 0.430504 0.023339 0.018923
0 0.667834 0.412764 0.032170 0.026966
0 0.611064 0.347005 0.048570 0.048727
0 0.551771 0.342984 0.078847 0.062447
0 0.689595 0.403539 0.039108 0.035008
0 0.688334 0.435235 0.039108 0.021762
0 0.676034 0.470243 0.018292 0.011354
0 0.664364 0.447062 0.031539 0.023654
0 0.707257 0.435708 0.025231 0.018923
0 0.707888 0.455814 0.037847 0.036427
0 0.763396 0.446116 0.060554 0.036900
0 0.758350 0.478759 0.050462 0.034062
0 0.713249 0.492241 0.029646 0.025073
0 0.690542 0.483963 0.020816 0.014192
0 0.685495 0.505724 0.048570 0.035954
0 0.719873 0.515896 0.037847 0.027912
0 0.645441 0.507144 0.039108 0.033116
0 0.646387 0.528905 0.019554 0.017977
0 0.660580 0.530561 0.017662 0.014666
0 0.677295 0.524174 0.025862 0.014192
0 0.628095 0.543334 0.019554 0.015612
0 0.645126 0.549957 0.024600 0.014666
0 0.640079 0.563677 0.020816 0.013719
0 0.649856 0.569354 0.018923 0.010881
0 0.641341 0.577633 0.022077 0.009462
0 0.659634 0.578579 0.018292 0.009462
0 0.680449 0.550667 0.051093 0.049200
0 0.714826 0.565569 0.047939 0.045889
0 0.791150 0.519207 0.050462 0.062920
0 0.774435 0.543807 0.057401 0.050620
0 0.779165 0.589696 0.037847 0.038320
0 0.759296 0.612168 0.054877 0.045416
0 0.736273 0.643155 0.065601 0.047781
0 0.693380 0.614533 0.044154 0.034062
0 0.680134 0.587804 0.041631 0.026019
0 0.657110 0.593481 0.037216 0.026966
0 0.663103 0.618791 0.035323 0.033116
0 0.627149 0.596556 0.045416 0.041631
0 0.603179 0.624704 0.022708 0.014666
0 0.639133 0.633929 0.055508 0.034062
0 0.605387 0.637478 0.022077 0.014666
0 0.566910 0.630854 0.058662 0.047781
0 0.522124 0.613350 0.029646 0.026019
0 0.506986 0.624941 0.032170 0.021762
0 0.494686 0.599394 0.049200 0.030277
0 0.483016 0.615716 0.029646 0.025073
0 0.484909 0.646230 0.037216 0.038793
0 0.456839 0.649778 0.045416 0.034535
0 0.331630 0.613587 0.075062 0.070016
0 0.369477 0.659949 0.052354 0.038793
0 0.394708 0.633220 0.044785 0.043050
0 0.432870 0.614533 0.065601 0.052039
0 0.496263 0.673432 0.038477 0.034535
0 0.527801 0.669647 0.043524 0.038320
0 0.615795 0.656874 0.058031 0.037373
0 0.590879 0.684786 0.051093 0.043997
0 0.673511 0.659476 0.051093 0.036900
0 0.656795 0.689753 0.074432 0.050147
0 0.571640 0.739900 0.059293 0.040685
0 0.521809 0.715773 0.075693 0.061501
0 0.483016 0.704182 0.053616 0.040212
0 0.446116 0.685022 0.063078 0.043524
0 0.463778 0.735879 0.054247 0.032643